kpt#   1, nband= 36, wtk=  1.00000, kpt=  0.0000  0.0000  0.0000 (reduced coord)
 -24.13476  -23.50552  -22.19230  -20.52640  -18.80714  -18.74417  -18.23264  -18.07086
 -17.50030  -17.25448  -17.00308  -15.37658  -14.53177  -14.44811  -13.24004  -13.01425
 -12.63479  -12.03952  -11.39846  -11.32674  -10.93156  -10.32785   -9.97096   -8.58441
  -8.51061   -8.26266   -7.16613   -6.63239   -6.51653   -6.33474   -5.66473   -4.72771
  -4.07210   -3.56886   -3.33262   -2.40184
 kpt#   2, nband= 36, wtk=  1.00000, kpt=  0.0500  0.0000  0.0000 (reduced coord)
 -24.11979  -23.49089  -22.17794  -20.51490  -19.09255  -18.76008  -18.40405  -17.88663
 -17.43317  -17.24552  -16.78758  -15.51568  -14.44942  -14.33783  -13.46245  -12.80182
 -12.61486  -12.02144  -11.46800  -11.30996  -10.87690  -10.33589   -9.95303   -8.60601
  -8.53229   -8.24685   -7.17561   -6.64495   -6.63060   -6.34237   -5.81047   -4.90889
  -3.90522   -3.39721   -3.33708   -1.27246
 kpt#   3, nband= 36, wtk=  1.00000, kpt=  0.1000  0.0000  0.0000 (reduced coord)
 -24.07493  -23.44759  -22.13634  -20.48257  -19.52696  -19.04570  -18.51587  -17.98673
 -17.23714  -16.78463  -16.50880  -15.79362  -14.28658  -14.08403  -13.75076  -12.56040
 -12.52908  -11.96709  -11.60780  -11.25713  -10.77114  -10.36178   -9.90391   -8.66287
  -8.60027   -8.20902   -7.19953   -6.92633   -6.67214   -6.39501   -6.12905   -5.26762
  -3.55973   -3.46253   -2.95413   -1.17332
 kpt#   4, nband= 36, wtk=  1.00000, kpt=  0.1500  0.0000  0.0000 (reduced coord)
 -24.00063  -23.37520  -22.06747  -20.44109  -19.96171  -19.45896  -18.52970  -18.33120
 -16.80415  -16.35156  -16.23626  -16.01962  -14.21431  -13.90599  -13.77205  -12.46848
 -12.30202  -11.87824  -11.73619  -11.17318  -10.67720  -10.40985   -9.82314   -8.75882
  -8.73433   -8.14751   -7.32723   -7.23647   -6.70996   -6.67428   -6.32385   -5.66845
  -3.63489   -3.16324   -3.09634   -1.35498
 kpt#   5, nband= 36, wtk=  1.00000, kpt=  0.2000  0.0000  0.0000 (reduced coord)
 -23.89716  -23.27381  -21.97148  -20.53040  -20.23501  -19.88192  -18.72233  -18.50640
 -16.46699  -16.44726  -15.84689  -15.70400  -14.44496  -13.61018  -13.57538  -12.36241
 -12.13005  -11.78688  -11.75159  -11.04890  -10.61212  -10.46868   -9.70718   -8.95090
  -8.87755   -8.07433   -7.76442   -7.27431   -7.11402   -6.74767   -6.41053   -6.06830
  -3.82845   -3.30306   -2.76706   -2.12090
 kpt#   6, nband= 36, wtk=  1.00000, kpt=  0.2500  0.0000  0.0000 (reduced coord)
 -23.76342  -23.14283  -21.84954  -20.90245  -20.29464  -20.18744  -19.07735  -18.52538
 -16.68892  -16.24736  -15.41959  -15.17121  -14.67471  -13.48415  -13.21098  -12.25855
 -12.03226  -11.71087  -11.58920  -10.89083  -10.59141  -10.53960   -9.56257   -9.24356
  -9.03926   -8.24402   -7.94740   -7.56994   -7.30173   -6.77629   -6.57209   -6.39501
  -4.03989   -3.51741   -2.42643   -2.28987
 kpt#   7, nband= 36, wtk=  1.00000, kpt=  0.3000  0.0000  0.0000 (reduced coord)
 -23.60163  -22.98360  -21.70616  -21.29547  -20.67818  -20.09679  -19.40318  -18.57945
 -16.84906  -16.17716  -15.00742  -14.81794  -14.60898  -13.46624  -12.79105  -12.13817
 -12.01726  -11.53438  -11.39516  -10.69855  -10.62728  -10.61237   -9.59845   -9.38819
  -9.23956   -8.68638   -8.01928   -7.84038   -7.31649   -6.91671   -6.79435   -6.54822
  -4.24841   -3.72905   -2.34249   -2.03064
 kpt#   8, nband= 36, wtk=  1.00000, kpt=  0.3500  0.0000  0.0000 (reduced coord)
 -23.41024  -22.79671  -21.68067  -21.54670  -21.02116  -20.07409  -19.61673  -18.68848
 -16.91719  -16.21421  -14.92553  -14.61122  -14.04942  -13.44230  -12.36662  -12.13974
 -11.93270  -11.34330  -11.16629  -10.73872  -10.67056  -10.47073   -9.97615   -9.47910
  -9.18335   -9.11877   -8.44599   -7.73615   -7.31724   -7.25750   -6.80143   -6.67721
  -4.43371   -3.91783   -2.29914   -1.76708
 kpt#   9, nband= 36, wtk=  1.00000, kpt=  0.4000  0.0000  0.0000 (reduced coord)
 -23.19107  -22.58617  -22.02662  -21.53524  -21.17986  -20.25419  -19.58568  -18.84695
 -16.89745  -16.33631  -14.87474  -14.46967  -13.53824  -13.25203  -12.29952  -11.95988
 -11.75613  -11.27801  -10.90228  -10.84589  -10.74860  -10.30486  -10.21291   -9.74386
  -9.53217   -8.99383   -8.80440   -7.79122   -7.41334   -7.31062   -6.81933   -6.80245
  -4.58126   -4.06927   -2.21944   -1.65606
 kpt#  10, nband= 36, wtk=  1.00000, kpt=  0.4500  0.0000  0.0000 (reduced coord)
 -22.94676  -22.41676  -22.28298  -21.78394  -21.02280  -20.51836  -19.43244  -19.03523
 -16.80579  -16.49806  -14.76605  -14.50770  -13.17185  -12.82581  -12.50111  -11.81451
 -11.55284  -11.31709  -10.92035  -10.87381  -10.60766  -10.42780  -10.00577   -9.94284
  -9.89925   -9.25548   -8.65685   -8.07122   -7.31730   -7.30319   -6.96735   -6.80030
  -4.67545   -4.16657   -2.11067   -1.80260
 kpt#  11, nband= 36, wtk=  1.00000, kpt=  0.5000  0.0000  0.0000 (reduced coord)
 -22.70468  -22.63964  -22.09201  -22.03673  -20.80960  -20.75785  -19.27486  -19.20146
 -16.68653  -16.64128  -14.63953  -14.61941  -12.93743  -12.77544  -12.36722  -12.08763
 -11.32356  -11.22634  -11.05414  -11.00079  -10.34923  -10.28161  -10.27753  -10.17495
  -9.62874   -9.57539   -8.37839   -8.37031   -7.30034   -7.22055   -7.06579   -6.79939
  -4.70825   -4.20053   -2.00243   -1.91797
 kpt#  12, nband= 36, wtk=  1.00000, kpt=  0.5500  0.0000  0.0000 (reduced coord)
 -22.94676  -22.41676  -22.28298  -21.78394  -21.02280  -20.51836  -19.43244  -19.03523
 -16.80579  -16.49806  -14.76605  -14.50770  -13.17185  -12.82581  -12.50111  -11.81451
 -11.55284  -11.31709  -10.92035  -10.87381  -10.60766  -10.42780  -10.00577   -9.94284
  -9.89925   -9.25548   -8.65685   -8.07122   -7.31730   -7.30319   -6.96735   -6.80030
  -4.67545   -4.16657   -2.11067   -1.80267
 kpt#  13, nband= 36, wtk=  1.00000, kpt=  0.6000  0.0000  0.0000 (reduced coord)
 -23.19107  -22.58617  -22.02662  -21.53524  -21.17986  -20.25419  -19.58568  -18.84695
 -16.89745  -16.33631  -14.87474  -14.46967  -13.53824  -13.25203  -12.29952  -11.95988
 -11.75613  -11.27801  -10.90228  -10.84589  -10.74860  -10.30486  -10.21291   -9.74386
  -9.53217   -8.99383   -8.80440   -7.79122   -7.41334   -7.31062   -6.81933   -6.80245
  -4.58126   -4.06927   -2.21973   -1.59394
 kpt#  14, nband= 36, wtk=  1.00000, kpt=  0.6500  0.0000  0.0000 (reduced coord)
 -23.41024  -22.79671  -21.68067  -21.54670  -21.02116  -20.07409  -19.61673  -18.68848
 -16.91719  -16.21421  -14.92553  -14.61122  -14.04942  -13.44230  -12.36662  -12.13974
 -11.93270  -11.34330  -11.16629  -10.73872  -10.67056  -10.47073   -9.97615   -9.47910
  -9.18335   -9.11877   -8.44599   -7.73615   -7.31724   -7.25750   -6.80143   -6.67721
  -4.43371   -3.91783   -2.29913   -1.72023
 kpt#  15, nband= 36, wtk=  1.00000, kpt=  0.7000  0.0000  0.0000 (reduced coord)
 -23.60163  -22.98360  -21.70616  -21.29547  -20.67818  -20.09679  -19.40318  -18.57945
 -16.84906  -16.17716  -15.00742  -14.81794  -14.60898  -13.46624  -12.79105  -12.13817
 -12.01726  -11.53438  -11.39516  -10.69855  -10.62728  -10.61237   -9.59845   -9.38819
  -9.23956   -8.68638   -8.01928   -7.84038   -7.31649   -6.91671   -6.79435   -6.54822
  -4.24841   -3.72905   -2.34234   -2.03092
 kpt#  16, nband= 36, wtk=  1.00000, kpt=  0.7500  0.0000  0.0000 (reduced coord)
 -23.76342  -23.14283  -21.84954  -20.90245  -20.29464  -20.18744  -19.07735  -18.52538
 -16.68892  -16.24736  -15.41959  -15.17121  -14.67471  -13.48415  -13.21098  -12.25855
 -12.03226  -11.71087  -11.58920  -10.89083  -10.59141  -10.53960   -9.56257   -9.24356
  -9.03926   -8.24402   -7.94740   -7.56994   -7.30173   -6.77629   -6.57209   -6.39501
  -4.03989   -3.51741   -2.42633   -2.26650
 kpt#  17, nband= 36, wtk=  1.00000, kpt=  0.8000  0.0000  0.0000 (reduced coord)
 -23.89716  -23.27381  -21.97148  -20.53040  -20.23501  -19.88192  -18.72233  -18.50640
 -16.46699  -16.44726  -15.84689  -15.70400  -14.44496  -13.61018  -13.57538  -12.36241
 -12.13005  -11.78688  -11.75159  -11.04890  -10.61212  -10.46868   -9.70718   -8.95090
  -8.87755   -8.07433   -7.76442   -7.27431   -7.11402   -6.74767   -6.41053   -6.06830
  -3.82846   -3.30301   -2.76504   -2.08057
 kpt#  18, nband= 36, wtk=  1.00000, kpt=  0.8500  0.0000  0.0000 (reduced coord)
 -24.00063  -23.37520  -22.06747  -20.44109  -19.96171  -19.45896  -18.52970  -18.33120
 -16.80415  -16.35156  -16.23626  -16.01962  -14.21431  -13.90599  -13.77205  -12.46848
 -12.30202  -11.87824  -11.73619  -11.17318  -10.67720  -10.40985   -9.82314   -8.75882
  -8.73433   -8.14751   -7.32723   -7.23647   -6.70996   -6.67428   -6.32385   -5.66845
  -3.63584   -3.16360   -3.10679   -1.04636
 kpt#  19, nband= 36, wtk=  1.00000, kpt=  0.9000  0.0000  0.0000 (reduced coord)
 -24.07493  -23.44759  -22.13634  -20.48257  -19.52696  -19.04570  -18.51587  -17.98673
 -17.23714  -16.78463  -16.50880  -15.79362  -14.28658  -14.08403  -13.75076  -12.56040
 -12.52908  -11.96709  -11.60780  -11.25713  -10.77114  -10.36178   -9.90391   -8.66287
  -8.60027   -8.20902   -7.19953   -6.92633   -6.67214   -6.39501   -6.12905   -5.26762
  -3.56019   -3.47585   -2.98606   -2.93483
 kpt#  20, nband= 36, wtk=  1.00000, kpt=  0.9500  0.0000  0.0000 (reduced coord)
 -24.11979  -23.49089  -22.17794  -20.51490  -19.09255  -18.76008  -18.40405  -17.88663
 -17.43317  -17.24552  -16.78758  -15.51568  -14.44942  -14.33783  -13.46245  -12.80182
 -12.61486  -12.02144  -11.46800  -11.30996  -10.87690  -10.33589   -9.95303   -8.60601
  -8.53229   -8.24685   -7.17561   -6.64495   -6.63060   -6.34237   -5.81047   -4.90889
  -3.90357   -3.40026   -3.29926   -2.42179
 kpt#  21, nband= 36, wtk=  1.00000, kpt=  1.0000  0.0000  0.0000 (reduced coord)
 -24.13476  -23.50552  -22.19230  -20.52640  -18.80714  -18.74417  -18.23264  -18.07086
 -17.50030  -17.25448  -17.00308  -15.37658  -14.53177  -14.44811  -13.24004  -13.01425
 -12.63479  -12.03952  -11.39846  -11.32674  -10.93156  -10.32785   -9.97096   -8.58441
  -8.51061   -8.26266   -7.16613   -6.63239   -6.51653   -6.33474   -5.66473   -4.72770
  -4.07459   -3.58345   -3.31114   -2.82842