kpt#   1, nband= 80, wtk=  1.00000, kpt=  0.0000  0.0000  0.0000 (reduced coord)
 -22.81514  -22.81401  -22.47532  -22.46720  -22.02137  -22.00259  -21.47571  -21.44622
 -20.80988  -20.77331  -20.01144  -19.97238  -19.08420  -19.04762  -18.10049  -18.07692
 -16.12020  -16.10277  -14.86954  -14.84737  -13.55368  -13.53062  -12.21021  -12.18698
 -11.12426  -11.12150  -10.82636  -10.80311  -10.76268  -10.74475  -10.27421  -10.23474
  -9.89609   -9.89484   -9.67503   -9.61558   -9.56870   -9.56025   -9.46487   -9.44125
  -9.16987   -9.14896   -8.94322   -8.87106   -8.74546   -8.71339   -8.25253   -8.24994
  -8.22956   -8.21505   -8.08923   -8.01279   -7.68707   -7.65549   -7.32294   -7.30578
  -7.17154   -7.16224   -7.13900   -7.10479   -6.79299   -6.78488   -6.75302   -6.74761
  -6.34062   -6.31013   -1.55287   -1.52061   -0.91854   -0.87302   -0.65592   -0.59704
  -0.39995   -0.37615   -0.34999   -0.31721   -0.18875   -0.18605   -0.14235   -0.12790
 kpt#   2, nband= 80, wtk=  1.00000, kpt=  0.0333  0.0000  0.0000 (reduced coord)
 -22.79548  -22.79435  -22.45571  -22.44759  -22.00181  -21.98303  -21.45637  -21.42689
 -20.79085  -20.75429  -19.99283  -19.95377  -19.06613  -19.02955  -18.08334  -18.05978
 -16.10352  -16.08611  -14.85419  -14.83203  -13.54052  -13.51748  -12.20089  -12.17768
 -11.10050  -11.09775  -10.82269  -10.79948  -10.73887  -10.72096  -10.25059  -10.21115
  -9.98287   -9.98162   -9.65534   -9.65163   -9.64675   -9.59224   -9.47215   -9.44864
  -9.25483   -9.23381   -8.92016   -8.84802   -8.82488   -8.79271   -8.37329   -8.34209
  -8.22280   -8.19600   -8.06634   -7.98987   -7.77686   -7.74560   -7.33559   -7.31787
  -7.24486   -7.22183   -7.14833   -7.08148   -6.86978   -6.86163   -6.78370   -6.77789
  -6.31706   -6.28647   -1.55674   -1.52442   -0.89211   -0.84666   -0.65610   -0.59673
  -0.37519   -0.35107   -0.32486   -0.29197   -0.16280   -0.15982   -0.11641   -0.10197
 kpt#   3, nband= 80, wtk=  1.00000, kpt=  0.0667  0.0000  0.0000 (reduced coord)
 -22.73646  -22.73533  -22.39681  -22.38870  -21.94318  -21.92442  -21.39832  -21.36885
 -20.73359  -20.69704  -19.93666  -19.89762  -19.01158  -18.97503  -18.03160  -18.00808
 -16.05343  -16.03607  -14.80836  -14.78625  -13.50125  -13.47827  -12.17286  -12.14975
 -11.02953  -11.02679  -10.81448  -10.79143  -10.66810  -10.65024  -10.23332  -10.23205
 -10.18001  -10.14068   -9.90415   -9.89539   -9.58159   -9.52238   -9.50791   -9.49788
  -9.48432   -9.47648   -9.04258   -9.01024   -8.85077   -8.77872   -8.62413   -8.59130
  -8.24833   -8.22267   -8.02340   -7.99771   -7.99236   -7.92120   -7.47587   -7.45315
  -7.39365   -7.37483   -7.08433   -7.07945   -7.07642   -7.01240   -6.87883   -6.87252
  -6.24637   -6.21546   -1.57010   -1.53759   -0.81319   -0.76788   -0.65988   -0.59933
  -0.30132   -0.27610   -0.24961   -0.21638   -0.08486   -0.08097   -0.03862   -0.02441
 kpt#   4, nband= 80, wtk=  1.00000, kpt=  0.1000  0.0000  0.0000 (reduced coord)
 -22.63820  -22.63708  -22.29885  -22.29076  -21.84567  -21.82693  -21.30164  -21.27219
 -20.63824  -20.60172  -19.84317  -19.80417  -18.92073  -18.88423  -17.94529  -17.92185
 -15.97081  -15.95355  -14.73341  -14.71138  -13.43815  -13.41526  -12.13079  -12.10787
 -10.91107  -10.90836  -10.81454  -10.79197  -10.62183  -10.62051  -10.55036  -10.53260
 -10.28879  -10.27975  -10.06305  -10.02391   -9.86782   -9.84562   -9.65495   -9.62958
  -9.46553   -9.40646   -9.30306   -9.27192   -8.99424   -8.96084   -8.73598   -8.66407
  -8.38009   -8.34959   -8.33500   -8.30894   -7.88400   -7.80749   -7.79901   -7.77699
  -7.57434   -7.55686   -7.34711   -7.33701   -7.04156   -7.03468   -6.96525   -6.89767
  -6.12872   -6.09723   -1.59848   -1.56561   -0.69317   -0.66480   -0.64271   -0.60822
  -0.18001   -0.15247   -0.12472   -0.09108    0.04510    0.05058    0.09043    0.10306
 kpt#   5, nband= 80, wtk=  1.00000, kpt=  0.1333  0.0000  0.0000 (reduced coord)
 -22.50093  -22.49981  -22.16185  -22.15377  -21.70934  -21.69063  -21.16663  -21.13722
 -20.50521  -20.46873  -19.71271  -19.67377  -18.79417  -18.75774  -17.82484  -17.80148
 -15.85769  -15.84056  -14.63207  -14.61017  -13.35620  -13.33348  -12.08619  -12.06374
 -11.11863  -11.11702  -10.86371  -10.84291  -10.77245  -10.76277  -10.74612  -10.74346
 -10.38642  -10.36881  -10.30364  -10.27901  -10.03578  -10.00747   -9.89999   -9.86111
  -9.49302   -9.46295   -9.43932   -9.40629   -9.30389   -9.24517   -8.76895   -8.73974
  -8.58378   -8.57634   -8.55561   -8.50478   -8.08223   -8.06170   -7.98037   -7.96659
  -7.72604   -7.64939   -7.52937   -7.51445   -7.27016   -7.26243   -6.80659   -6.73832
  -5.96487   -5.93247   -1.65186   -1.61844   -0.72124   -0.65742   -0.49587   -0.45169
  -0.01449    0.01719    0.04881    0.08271    0.22538    0.23291    0.26539    0.26601
 kpt#   6, nband= 80, wtk=  1.00000, kpt=  0.1667  0.0000  0.0000 (reduced coord)
 -22.32476  -22.32365  -21.98614  -21.97809  -21.53453  -21.51586  -20.99342  -20.96405
 -20.33436  -20.29794  -19.54528  -19.50643  -18.63186  -18.59551  -17.67050  -17.64725
 -15.71741  -15.70043  -14.50928  -14.48757  -13.26609  -13.24371  -12.07428  -12.05334
 -11.68245  -11.68073  -11.30553  -11.29379  -11.12058  -11.10257  -10.67425  -10.64415
 -10.53528  -10.53266  -10.52747  -10.49879  -10.17671  -10.15932   -9.86949   -9.83879
  -9.80680   -9.77374   -9.69183   -9.65334   -9.09780   -9.05064   -9.03998   -9.03961
  -9.02205   -9.01408   -8.49929   -8.48619   -8.37294   -8.30164   -8.24171   -8.22153
  -7.71240   -7.69521   -7.55713   -7.54780   -7.52454   -7.44790   -6.60445   -6.53526
  -5.75584   -5.72210   -1.74167   -1.70742   -0.80381   -0.73845   -0.26300   -0.21994
   0.19043    0.22823    0.26097    0.29901    0.31910    0.36327    0.46738    0.47939
 kpt#   7, nband= 80, wtk=  1.00000, kpt=  0.2000  0.0000  0.0000 (reduced coord)
 -22.10983  -22.10872  -21.77177  -21.76376  -21.32131  -21.30269  -20.78219  -20.75289
 -20.12626  -20.08993  -19.34139  -19.30265  -18.43419  -18.39797  -17.48214  -17.45899
 -15.55736  -15.54055  -14.37784  -14.35646  -13.20044  -13.17894  -12.27790  -12.27547
 -12.22413  -12.20937  -11.79663  -11.77690  -11.59786  -11.58012  -11.05503  -11.02030
 -10.97748  -10.95063  -10.31928  -10.28387  -10.27861  -10.27609  -10.11792  -10.09187
  -9.92174   -9.90463   -9.62214   -9.59255   -9.43920   -9.40125   -9.15063   -9.12803
  -9.07144   -9.05742   -8.84796   -8.79037   -8.37237   -8.35377   -8.12710   -8.05637
  -7.92884   -7.90956   -7.89079   -7.87820   -7.28248   -7.20583   -6.36158   -6.29117
  -5.50233   -5.46659   -1.88255   -1.84703   -0.94385   -0.87736    0.01710    0.05871
   0.17311    0.23479    0.43145    0.47778    0.54399    0.57680    0.75559    0.76867
 kpt#   8, nband= 80, wtk=  1.00000, kpt=  0.2333  0.0000  0.0000 (reduced coord)
 -21.85658  -21.85549  -21.51930  -21.51133  -21.07012  -21.05157  -20.53336  -20.50413
 -19.88107  -19.84485  -19.10138  -19.06280  -18.20194  -18.16589  -17.26041  -17.23730
 -15.39404  -15.37750  -14.27226  -14.25169  -13.26749  -13.24978  -12.84784  -12.84197
 -12.64971  -12.63947  -12.23703  -12.20949  -12.03857  -12.02098  -11.59136  -11.55396
 -11.20236  -11.18035  -10.91310  -10.87466  -10.25765  -10.23423  -10.14620  -10.11579
  -9.97766   -9.97525   -9.67535   -9.66213   -9.62304   -9.60630   -9.20250   -9.18046
  -9.14338   -9.10617   -8.55684   -8.53798   -8.52655   -8.49959   -8.24539   -8.22433
  -8.18102   -8.15883   -7.84095   -7.77102   -7.00178   -6.92539   -6.08110   -6.00923
  -5.20747   -5.16870   -2.08666   -2.04905   -1.15237   -1.08520   -0.07050   -0.00461
   0.34327    0.38248    0.70058    0.75549    0.85635    0.89096    0.99623    1.03398
 kpt#   9, nband= 80, wtk=  1.00000, kpt=  0.2667  0.0000  0.0000 (reduced coord)
 -21.56560  -21.56453  -21.22900  -21.22108  -20.78139  -20.76294  -20.24749  -20.21839
 -19.59953  -19.56349  -18.82629  -18.78796  -17.93632  -17.90052  -17.00561  -16.98245
 -15.27222  -15.25636  -14.29654  -14.27853  -13.62332  -13.61150  -13.34171  -13.33021
 -13.08301  -13.06914  -12.75666  -12.72928  -12.33023  -12.30699  -12.08504  -12.05177
 -11.58774  -11.55585  -11.14767  -11.11995  -10.87988  -10.85100  -10.29115  -10.27749
 -10.12493  -10.10075   -9.63322   -9.63096   -9.28155   -9.26531   -9.25156   -9.23232
  -8.82495   -8.82238   -8.80643   -8.77018   -8.53707   -8.50406   -8.46209   -8.43550
  -8.22547   -8.17014   -7.51828   -7.44969   -6.68813   -6.61248   -5.76974   -5.69624
  -4.87484   -4.83114   -2.36137   -2.31999   -1.43233   -1.36504   -0.40559   -0.33871
   0.59698    0.65506    0.70490    0.74131    0.99412    1.05767    1.21870    1.25618
 kpt#  10, nband= 80, wtk=  1.00000, kpt=  0.3000  0.0000  0.0000 (reduced coord)
 -21.23722  -21.23616  -20.90149  -20.89365  -20.45563  -20.43729  -19.92497  -19.89604
 -19.28232  -19.24653  -18.51707  -18.47911  -17.63949  -17.60416  -16.71929  -16.69577
 -15.31040  -15.29676  -14.60436  -14.59052  -14.09844  -14.08072  -13.75363  -13.74610
 -13.53852  -13.51151  -13.02771  -13.00937  -12.91126  -12.87774  -12.23003  -12.19537
 -12.06610  -12.04253  -11.51846  -11.48861  -11.03780  -11.01303  -10.90744  -10.89355
 -10.06642  -10.04420   -9.32741   -9.31352   -9.24765   -9.24564   -9.23985   -9.23719
  -8.90013   -8.88455   -8.75806   -8.74982   -8.72409   -8.71364   -8.43138   -8.39646
  -7.85934   -7.80591   -7.16463   -7.09822   -6.34994   -6.27609   -5.43983   -5.36519
  -4.51348   -4.46103   -2.70276   -2.65393   -1.77042   -1.70403   -0.81129   -0.74600
   0.10968    0.17011    1.00028    1.05274    1.08971    1.12243    1.30739    1.37872
 kpt#  11, nband= 80, wtk=  1.00000, kpt=  0.3333  0.0000  0.0000 (reduced coord)
 -20.87216  -20.87113  -20.53743  -20.52968  -20.09353  -20.07537  -19.56682  -19.53814
 -18.93077  -18.89540  -18.17637  -18.13910  -17.31807  -17.28387  -16.40471  -16.37991
 -15.62513  -15.61381  -15.12041  -15.10934  -14.66857  -14.64804  -14.15136  -14.12169
 -13.82745  -13.81888  -13.55114  -13.51677  -12.92006  -12.90061  -12.86778  -12.83419
 -12.15180  -12.12129  -11.88151  -11.85950  -11.51918  -11.50446  -10.87994  -10.85706
 -10.01102   -9.99188   -9.69592   -9.69118   -9.47330   -9.46711   -9.02187   -8.97779
  -8.96068   -8.92137   -8.82256   -8.82071   -8.48128   -8.46659   -8.02196   -7.98889
  -7.46375   -7.41315   -6.78969   -6.72691   -6.00288   -5.93312   -5.11882   -5.04631
  -4.14458   -4.07425   -3.08815   -3.02269   -2.12569   -2.06372   -1.25291   -1.19258
  -0.42488   -0.36635    0.39340    0.44755    1.19362    1.23937    1.48510    1.51435
 kpt#  12, nband= 80, wtk=  1.00000, kpt=  0.3667  0.0000  0.0000 (reduced coord)
 -20.47118  -20.47018  -20.13759  -20.12996  -19.69631  -19.67840  -19.17463  -19.14638
 -18.54752  -18.51289  -17.81090  -17.77519  -17.00298  -16.97388  -16.09627  -16.09088
 -16.07697  -16.06245  -15.66318  -15.65781  -15.28140  -15.26130  -14.78266  -14.75297
 -14.19755  -14.16197  -13.62601  -13.61669  -13.51077  -13.47480  -12.77210  -12.74107
 -12.66256  -12.64518  -12.11598  -12.10085  -11.64334  -11.62241  -10.70589  -10.68466
 -10.20375  -10.19780   -9.93697   -9.92215   -9.73486   -9.73060   -9.20960   -9.17547
  -9.16056   -9.13066   -8.36105   -8.35953   -8.02868   -8.01520   -7.58397   -7.55351
  -7.04786   -7.00156   -6.40939   -6.35286   -5.67874   -5.61822   -4.87967   -4.82234
  -3.83335   -3.72121   -3.45825   -3.35184   -2.39988   -2.35531   -1.67410   -1.62460
  -0.96010   -0.90754   -0.22276   -0.17111    0.52299    0.56775    1.23436    1.26382
 kpt#  13, nband= 80, wtk=  1.00000, kpt=  0.4000  0.0000  0.0000 (reduced coord)
 -20.03571  -20.03475  -19.70362  -19.69616  -19.26562  -19.24810  -18.75078  -18.72328
 -18.13847  -18.10547  -17.44781  -17.41743  -16.96355  -16.95824  -16.33115  -16.32012
 -16.29472  -16.28160  -15.87038  -15.85531  -15.63016  -15.61061  -15.38546  -15.36119
 -14.81728  -14.78193  -14.12648  -14.09033  -13.37415  -13.34255  -13.31729  -13.30766
 -12.69455  -12.67910  -12.35458  -12.33765  -11.37670  -11.35700  -10.68170  -10.67518
 -10.53081  -10.51223  -10.07694  -10.06957   -9.94276   -9.93426   -9.37725   -9.34358
  -9.32453   -9.29306   -7.86701   -7.86592   -7.54864   -7.53683   -7.12729   -7.10059
  -6.62918   -6.58952   -6.05615   -6.01034   -5.44427   -5.40210   -4.88441   -4.86168
  -3.72545   -3.68153   -3.53844   -3.49364   -2.39523   -2.38442   -1.98034   -1.95143
  -1.44318   -1.40229   -0.81286   -0.76750   -0.13325   -0.09166    0.53576    0.56378
 kpt#  14, nband= 80, wtk=  1.00000, kpt=  0.4333  0.0000  0.0000 (reduced coord)
 -19.56689  -19.56599  -19.23706  -19.22986  -18.80399  -18.78714  -18.30129  -18.27540
 -17.72806  -17.70042  -17.43282  -17.43163  -17.29956  -17.28970  -16.61685  -16.56606
 -16.49736  -16.45376  -16.00003  -15.97073  -15.95553  -15.92572  -15.40822  -15.37543
 -15.20498  -15.18943  -14.71719  -14.68167  -13.95298  -13.92136  -13.25089  -13.23508
 -12.94763  -12.93791  -12.01157  -11.99545  -11.17057  -11.16287  -11.08878  -11.07100
 -10.50090  -10.49035  -10.31692  -10.30250  -10.03644  -10.03187   -9.51147   -9.46434
  -9.45288   -9.41125   -7.34461   -7.34411   -7.04916   -7.03970   -6.66778   -6.64660
  -6.23936   -6.20987   -5.79290   -5.76358   -5.41081   -5.39151   -5.20898   -5.20475
  -3.79594   -3.74352   -3.53513   -3.47835   -2.06182   -2.05974   -2.03871   -2.03210
  -1.79054   -1.76739   -1.33190   -1.29733   -0.74947   -0.71388   -0.13711   -0.11246
 kpt#  15, nband= 80, wtk=  1.00000, kpt=  0.4667  0.0000  0.0000 (reduced coord)
 -19.06691  -19.06611  -18.74096  -18.73419  -18.31827  -18.30277  -17.99088  -17.99050
 -17.85620  -17.83708  -17.68587  -17.67750  -17.48843  -17.47530  -16.81742  -16.76167
 -16.59684  -16.53438  -16.26637  -16.24050  -15.99017  -15.95094  -15.50866  -15.48047
 -15.28230  -15.24643  -14.76093  -14.74543  -14.50501  -14.47364  -13.78252  -13.76649
 -12.53807  -12.52872  -11.64457  -11.64068  -11.63260  -11.62950  -10.87058  -10.85850
 -10.80608  -10.79029  -10.23856  -10.23021  -10.19903  -10.18993   -9.57251   -9.55740
  -9.51456   -9.49953   -6.80289   -6.80256   -6.54636   -6.54025   -6.23894   -6.22585
  -5.94673   -5.93253   -5.75664   -5.75482   -5.65272   -5.63797   -5.62846   -5.61650
  -3.85260   -3.78768   -3.54230   -3.47259   -1.90881   -1.90247   -1.82322   -1.82250
  -1.68769   -1.66592   -1.54184   -1.54118   -1.28869   -1.26167   -0.76836   -0.74794
 kpt#  16, nband= 80, wtk=  1.00000, kpt=  0.5000  0.0000  0.0000 (reduced coord)
 -18.53972  -18.53934  -18.53918  -18.53856  -18.22862  -18.22229  -18.21657  -18.21098
 -17.87090  -17.86141  -17.78035  -17.76331  -17.55235  -17.53811  -16.89080  -16.83249
 -16.61378  -16.52936  -16.39978  -16.39050  -15.88739  -15.83283  -15.73906  -15.72015
 -15.06352  -15.02308  -14.99249  -14.97022  -14.29663  -14.27745  -14.27708  -14.26478
 -12.10101  -12.09935  -12.09344  -12.08932  -11.27866  -11.26605  -11.24393  -11.22902
 -10.57714  -10.56497  -10.44608  -10.43276  -10.14002  -10.13526   -9.61873   -9.56925
  -9.55651   -9.51280   -6.25654   -6.25499   -6.25221   -6.25076   -6.07679   -6.07601
  -6.07346   -6.07258   -5.95907   -5.95857   -5.79653   -5.77544   -5.77289   -5.75414
  -3.87414   -3.80463   -3.54654   -3.47212   -1.87653   -1.86979   -1.77974   -1.77663
  -1.64456   -1.62320   -1.36506   -1.35746   -1.29980   -1.27981   -0.95059   -0.94360