
 **** DERIVATIVE DATABASE ****    
+DDB, Version number    100401

  Note : temporary (transfer) database

    usepaw         0
     natom         2
      nkpt         8
    nsppol         1
      nsym        24
    ntypat         1
    occopt         1
     nband         5
     acell  0.46394279352603D+01  0.46394279352603D+01  0.18601215050747D+02
       amu  0.12011000000000D+02
   dilatmx  0.10500000000000D+01
      ecut  0.17000000000000D+02
    ecutsm  0.50000000000000D+00
     intxc         0
      iscf         7
       ixc         1
       kpt  0.00000000000000D+00  0.00000000000000D+00  0.12500000000000D+00
            0.25000000000000D+00  0.00000000000000D+00  0.12500000000000D+00
            0.50000000000000D+00  0.00000000000000D+00  0.12500000000000D+00
            0.25000000000000D+00  0.25000000000000D+00  0.12500000000000D+00
            0.00000000000000D+00  0.00000000000000D+00  0.37500000000000D+00
            0.25000000000000D+00  0.00000000000000D+00  0.37500000000000D+00
            0.50000000000000D+00  0.00000000000000D+00  0.37500000000000D+00
            0.25000000000000D+00  0.25000000000000D+00  0.37500000000000D+00
    kptnrm  0.10000000000000D+01
     ngfft        20   20   75
    nspden         1
   nspinor         1
       occ  0.20000000000000D+01  0.20000000000000D+01  0.20000000000000D+01
            0.20000000000000D+01  0.00000000000000D+00
     rprim  0.10000000000000D+01  0.00000000000000D+00  0.00000000000000D+00
           -0.50000000000000D+00  0.86602540378000D+00  0.00000000000000D+00
            0.00000000000000D+00  0.00000000000000D+00  0.10000000000000D+01
  dfpt_sciss  0.00000000000000D+00
    spinat  0.00000000000000D+00  0.00000000000000D+00  0.00000000000000D+00
            0.00000000000000D+00  0.00000000000000D+00  0.00000000000000D+00
    symafm         1    1    1    1    1    1    1    1    1    1    1    1
                   1    1    1    1    1    1    1    1    1    1    1    1
    symrel         1    0    0    0    1    0    0    0    1
                  -1    0    0    0   -1    0    0    0   -1
                   0    1    0    1    0    0    0    0    1
                   0   -1    0   -1    0    0    0    0   -1
                   1    1    0   -1    0    0    0    0    1
                  -1   -1    0    1    0    0    0    0   -1
                  -1    0    0    1    1    0    0    0    1
                   1    0    0   -1   -1    0    0    0   -1
                   0    1    0   -1   -1    0    0    0    1
                   0   -1    0    1    1    0    0    0   -1
                  -1   -1    0    0    1    0    0    0    1
                   1    1    0    0   -1    0    0    0   -1
                  -1    0    0    0   -1    0    0    0    1
                   1    0    0    0    1    0    0    0   -1
                   0   -1    0   -1    0    0    0    0    1
                   0    1    0    1    0    0    0    0   -1
                  -1   -1    0    1    0    0    0    0    1
                   1    1    0   -1    0    0    0    0   -1
                   1    0    0   -1   -1    0    0    0    1
                  -1    0    0    1    1    0    0    0   -1
                   0   -1    0    1    1    0    0    0    1
                   0    1    0   -1   -1    0    0    0   -1
                   1    1    0    0   -1    0    0    0    1
                  -1   -1    0    0    1    0    0    0   -1
     tnons  0.00000000000000D+00  0.00000000000000D+00  0.00000000000000D+00
           -0.33333333333333D+00  0.33333333333333D+00  0.00000000000000D+00
           -0.33333333333333D+00  0.33333333333333D+00  0.00000000000000D+00
            0.00000000000000D+00  0.00000000000000D+00  0.00000000000000D+00
           -0.33333333333333D+00  0.33333333333333D+00  0.00000000000000D+00
            0.00000000000000D+00  0.00000000000000D+00  0.00000000000000D+00
            0.00000000000000D+00  0.00000000000000D+00  0.00000000000000D+00
           -0.33333333333333D+00  0.33333333333333D+00  0.00000000000000D+00
            0.00000000000000D+00  0.00000000000000D+00  0.00000000000000D+00
           -0.33333333333333D+00  0.33333333333333D+00  0.00000000000000D+00
           -0.33333333333333D+00  0.33333333333333D+00  0.00000000000000D+00
            0.00000000000000D+00  0.00000000000000D+00  0.00000000000000D+00
           -0.33333333333333D+00  0.33333333333333D+00  0.00000000000000D+00
            0.00000000000000D+00  0.00000000000000D+00  0.00000000000000D+00
            0.00000000000000D+00  0.00000000000000D+00  0.00000000000000D+00
           -0.33333333333333D+00  0.33333333333333D+00  0.00000000000000D+00
            0.00000000000000D+00  0.00000000000000D+00  0.00000000000000D+00
           -0.33333333333333D+00  0.33333333333333D+00  0.00000000000000D+00
           -0.33333333333333D+00  0.33333333333333D+00  0.00000000000000D+00
            0.00000000000000D+00  0.00000000000000D+00  0.00000000000000D+00
           -0.33333333333333D+00  0.33333333333333D+00  0.00000000000000D+00
            0.00000000000000D+00  0.00000000000000D+00  0.00000000000000D+00
            0.00000000000000D+00  0.00000000000000D+00  0.00000000000000D+00
           -0.33333333333333D+00  0.33333333333333D+00  0.00000000000000D+00
    tolwfr  0.10000000000000D+01
   tphysel  0.00000000000000D+00
    tsmear  0.10000000000000D-01
     typat         1    1
       wtk  0.31250000000000D-01  0.18750000000000D+00  0.93750000000000D-01
            0.18750000000000D+00  0.31250000000000D-01  0.18750000000000D+00
            0.93750000000000D-01  0.18750000000000D+00
      xred -0.11529229202569D-27 -0.10244811956050D-27  0.00000000000000D+00
            0.66666666666667D+00  0.33333333333333D+00  0.00000000000000D+00
     znucl  0.60000000000000D+01
      zion  0.40000000000000D+01
 
 No information on the potentials yet 
 
 **** Database of total energy derivatives ****
 Number of data blocks=    2
  
 Total energy                 - # elements :       1
 -0.12033465080361D+02  0.00000000000000D+00
  
 1st derivatives              - # elements :      12
   1   1  0.00000000000000D+00  0.00000000000000D+00
   2   1 -0.26926452231544D-27  0.00000000000000D+00
   3   1  0.00000000000000D+00  0.00000000000000D+00
   1   2 -0.53852904463088D-27  0.00000000000000D+00
   2   2 -0.80779356694632D-27  0.00000000000000D+00
   3   2  0.00000000000000D+00  0.00000000000000D+00
   1   5  0.74945518157231D-06  0.00000000000000D+00
   2   5  0.74945518284308D-06  0.00000000000000D+00
   3   5 -0.45876527109416D-07  0.00000000000000D+00
   1   6  0.00000000000000D+00  0.00000000000000D+00
   2   6  0.00000000000000D+00  0.00000000000000D+00
   3   6  0.00000000000000D+00  0.00000000000000D+00
