
 **** DERIVATIVE DATABASE ****    
+DDB, Version number    100401

  Note : temporary (transfer) database

    usepaw         0
     natom         2
      nkpt        21
    nsppol         1
      nsym        24
    ntypat         1
    occopt         1
     nband         5
     acell  0.46371053658902D+01  0.46371053658902D+01  0.18591902994837D+02
       amu  0.12011000000000D+02
   dilatmx  0.10500000000000D+01
      ecut  0.17000000000000D+02
    ecutsm  0.50000000000000D+00
     intxc         0
      iscf         7
       ixc         1
       kpt  0.00000000000000D+00  0.00000000000000D+00  0.83333333333333D-01
            0.16666666666667D+00  0.00000000000000D+00  0.83333333333333D-01
            0.33333333333333D+00  0.00000000000000D+00  0.83333333333333D-01
            0.50000000000000D+00  0.00000000000000D+00  0.83333333333333D-01
            0.16666666666667D+00  0.16666666666667D+00  0.83333333333333D-01
            0.33333333333333D+00  0.16666666666667D+00  0.83333333333333D-01
            0.33333333333333D+00  0.33333333333333D+00  0.83333333333333D-01
            0.00000000000000D+00  0.00000000000000D+00  0.25000000000000D+00
            0.16666666666667D+00  0.00000000000000D+00  0.25000000000000D+00
            0.33333333333333D+00  0.00000000000000D+00  0.25000000000000D+00
            0.50000000000000D+00  0.00000000000000D+00  0.25000000000000D+00
            0.16666666666667D+00  0.16666666666667D+00  0.25000000000000D+00
            0.33333333333333D+00  0.16666666666667D+00  0.25000000000000D+00
            0.33333333333333D+00  0.33333333333333D+00  0.25000000000000D+00
            0.00000000000000D+00  0.00000000000000D+00  0.41666666666667D+00
            0.16666666666667D+00  0.00000000000000D+00  0.41666666666667D+00
            0.33333333333333D+00  0.00000000000000D+00  0.41666666666667D+00
            0.50000000000000D+00  0.00000000000000D+00  0.41666666666667D+00
            0.16666666666667D+00  0.16666666666667D+00  0.41666666666667D+00
            0.33333333333333D+00  0.16666666666667D+00  0.41666666666667D+00
            0.33333333333333D+00  0.33333333333333D+00  0.41666666666667D+00
    kptnrm  0.10000000000000D+01
     ngfft        20   20   75
    nspden         1
   nspinor         1
       occ  0.20000000000000D+01  0.20000000000000D+01  0.20000000000000D+01
            0.20000000000000D+01  0.00000000000000D+00
     rprim  0.10000000000000D+01  0.00000000000000D+00  0.00000000000000D+00
           -0.50000000000000D+00  0.86602540378000D+00  0.00000000000000D+00
            0.00000000000000D+00  0.00000000000000D+00  0.10000000000000D+01
  dfpt_sciss  0.00000000000000D+00
    spinat  0.00000000000000D+00  0.00000000000000D+00  0.00000000000000D+00
            0.00000000000000D+00  0.00000000000000D+00  0.00000000000000D+00
    symafm         1    1    1    1    1    1    1    1    1    1    1    1
                   1    1    1    1    1    1    1    1    1    1    1    1
    symrel         1    0    0    0    1    0    0    0    1
                  -1    0    0    0   -1    0    0    0   -1
                   0    1    0    1    0    0    0    0    1
                   0   -1    0   -1    0    0    0    0   -1
                   1    1    0   -1    0    0    0    0    1
                  -1   -1    0    1    0    0    0    0   -1
                  -1    0    0    1    1    0    0    0    1
                   1    0    0   -1   -1    0    0    0   -1
                   0    1    0   -1   -1    0    0    0    1
                   0   -1    0    1    1    0    0    0   -1
                  -1   -1    0    0    1    0    0    0    1
                   1    1    0    0   -1    0    0    0   -1
                  -1    0    0    0   -1    0    0    0    1
                   1    0    0    0    1    0    0    0   -1
                   0   -1    0   -1    0    0    0    0    1
                   0    1    0    1    0    0    0    0   -1
                  -1   -1    0    1    0    0    0    0    1
                   1    1    0   -1    0    0    0    0   -1
                   1    0    0   -1   -1    0    0    0    1
                  -1    0    0    1    1    0    0    0   -1
                   0   -1    0    1    1    0    0    0    1
                   0    1    0   -1   -1    0    0    0   -1
                   1    1    0    0   -1    0    0    0    1
                  -1   -1    0    0    1    0    0    0   -1
     tnons  0.00000000000000D+00  0.00000000000000D+00  0.00000000000000D+00
           -0.33333333333333D+00  0.33333333333333D+00  0.00000000000000D+00
           -0.33333333333333D+00  0.33333333333333D+00  0.00000000000000D+00
            0.00000000000000D+00  0.00000000000000D+00  0.00000000000000D+00
           -0.33333333333333D+00  0.33333333333333D+00  0.00000000000000D+00
            0.00000000000000D+00  0.00000000000000D+00  0.00000000000000D+00
            0.00000000000000D+00  0.00000000000000D+00  0.00000000000000D+00
           -0.33333333333333D+00  0.33333333333333D+00  0.00000000000000D+00
            0.00000000000000D+00  0.00000000000000D+00  0.00000000000000D+00
           -0.33333333333333D+00  0.33333333333333D+00  0.00000000000000D+00
           -0.33333333333333D+00  0.33333333333333D+00  0.00000000000000D+00
            0.00000000000000D+00  0.00000000000000D+00  0.00000000000000D+00
           -0.33333333333333D+00  0.33333333333333D+00  0.00000000000000D+00
            0.00000000000000D+00  0.00000000000000D+00  0.00000000000000D+00
            0.00000000000000D+00  0.00000000000000D+00  0.00000000000000D+00
           -0.33333333333333D+00  0.33333333333333D+00  0.00000000000000D+00
            0.00000000000000D+00  0.00000000000000D+00  0.00000000000000D+00
           -0.33333333333333D+00  0.33333333333333D+00  0.00000000000000D+00
           -0.33333333333333D+00  0.33333333333333D+00  0.00000000000000D+00
            0.00000000000000D+00  0.00000000000000D+00  0.00000000000000D+00
           -0.33333333333333D+00  0.33333333333333D+00  0.00000000000000D+00
            0.00000000000000D+00  0.00000000000000D+00  0.00000000000000D+00
            0.00000000000000D+00  0.00000000000000D+00  0.00000000000000D+00
           -0.33333333333333D+00  0.33333333333333D+00  0.00000000000000D+00
    tolwfr  0.10000000000000D+01
   tphysel  0.00000000000000D+00
    tsmear  0.10000000000000D-01
     typat         1    1
       wtk  0.92592592592593D-02  0.55555555555556D-01  0.55555555555556D-01
            0.27777777777778D-01  0.55555555555556D-01  0.11111111111111D+00
            0.18518518518519D-01  0.92592592592593D-02  0.55555555555556D-01
            0.55555555555556D-01  0.27777777777778D-01  0.55555555555556D-01
            0.11111111111111D+00  0.18518518518519D-01  0.92592592592593D-02
            0.55555555555556D-01  0.55555555555556D-01  0.27777777777778D-01
            0.55555555555556D-01  0.11111111111111D+00  0.18518518518519D-01
      xred  0.10558574935930D-27 -0.25874862892541D-29  0.00000000000000D+00
            0.66666666666667D+00  0.33333333333333D+00  0.00000000000000D+00
     znucl  0.60000000000000D+01
      zion  0.40000000000000D+01
 
 No information on the potentials yet 
 
 **** Database of total energy derivatives ****
 Number of data blocks=    2
  
 Total energy                 - # elements :       1
 -0.12030109683342D+02  0.00000000000000D+00
  
 1st derivatives              - # elements :      12
   1   1  0.26926452231544D-27  0.00000000000000D+00
   2   1 -0.26926452231544D-27  0.00000000000000D+00
   3   1  0.00000000000000D+00  0.00000000000000D+00
   1   2  0.00000000000000D+00  0.00000000000000D+00
   2   2  0.26926452231544D-27  0.00000000000000D+00
   3   2  0.00000000000000D+00  0.00000000000000D+00
   1   5  0.16589487331284D-05  0.00000000000000D+00
   2   5  0.16589487344123D-05  0.00000000000000D+00
   3   5 -0.24841364770314D-05  0.00000000000000D+00
   1   6  0.00000000000000D+00  0.00000000000000D+00
   2   6  0.00000000000000D+00  0.00000000000000D+00
   3   6  0.00000000000000D+00  0.00000000000000D+00
