kpt#   1, nband= 40, wtk=  1.00000, kpt=  0.0000  0.0000  0.0000 (reduced coord)
 -23.57566  -22.92503  -21.68879  -20.01726  -18.27017  -18.19017  -17.69390  -17.56151
 -17.05828  -16.89632  -16.54740  -14.93999  -14.20198  -14.19835  -12.84479  -12.69007
 -12.37139  -11.79009  -11.18706  -11.05234  -10.60518  -10.11009   -9.76869   -8.43640
  -8.40954   -8.05823   -6.74180   -6.57593   -6.35083   -6.13787   -5.43992   -4.51840
  -3.92118   -3.39220   -2.90443   -2.85094   -2.75399   -1.92999   -0.50190    0.16218
 kpt#   2, nband= 40, wtk=  1.00000, kpt=  0.0250  0.0000  0.0000 (reduced coord)
 -23.57198  -22.92144  -21.68536  -20.01443  -18.35287  -18.20212  -17.75792  -17.48597
 -16.97925  -16.95297  -16.48892  -14.98386  -14.18816  -14.15556  -12.93937  -12.59827
 -12.36591  -11.78515  -11.20216  -11.04809  -10.59412  -10.11212   -9.76514   -8.44061
  -8.41462   -8.05554   -6.74254   -6.57988   -6.37888   -6.13984   -5.47882   -4.58791
  -3.85336   -3.35158   -2.91290   -2.81853   -2.76277   -1.93247   -0.49690    0.16739
 kpt#   3, nband= 40, wtk=  1.00000, kpt=  0.0500  0.0000  0.0000 (reduced coord)
 -23.56097  -22.91069  -21.67507  -20.00608  -18.53623  -18.24989  -17.87814  -17.35915
 -17.02651  -16.80098  -16.37250  -15.09362  -14.14691  -14.04939  -13.08596  -12.46140
 -12.34943  -11.77157  -11.24319  -11.03479  -10.56508  -10.11833   -9.75304   -8.45653
  -8.43157   -8.04660   -6.74560   -6.59041   -6.45909   -6.14641   -5.58629   -4.74301
  -3.70143   -3.23700   -2.93899   -2.79046   -2.72387   -1.94008   -0.48190    0.18296
 kpt#   4, nband= 40, wtk=  1.00000, kpt=  0.0750  0.0000  0.0000 (reduced coord)
 -23.54262  -22.89277  -21.65794  -19.99236  -18.75302  -18.36064  -17.96583  -17.38906
 -16.92641  -16.58526  -16.24645  -15.23368  -14.07922  -13.91394  -13.23618  -12.32518
 -12.32135  -11.74949  -11.30147  -11.01332  -10.52472  -10.12817   -9.73293   -8.48122
  -8.45921   -8.03134   -6.74999   -6.60535   -6.58339   -6.15783   -5.74158   -4.92986
  -3.52006   -3.06813   -2.98111   -2.83422   -2.57418   -1.95129   -0.45691    0.20885
 kpt#   5, nband= 40, wtk=  1.00000, kpt=  0.1000  0.0000  0.0000 (reduced coord)
 -23.51693  -22.86766  -21.63398  -19.97391  -18.97917  -18.53033  -18.00351  -17.53667
 -16.70393  -16.35764  -16.12333  -15.38322  -13.99063  -13.77038  -13.38216  -12.28334
 -12.19635  -11.71835  -11.36887  -10.98248  -10.48123  -10.14303   -9.70452   -8.51517
  -8.50116   -8.01019   -6.75656   -6.74289   -6.62516   -6.18073   -5.92294   -5.12935
  -3.32933   -3.03822   -2.89384   -2.86510   -2.38019   -1.96373   -0.42194    0.24499
 kpt#   6, nband= 40, wtk=  1.00000, kpt=  0.1250  0.0000  0.0000 (reduced coord)
 -23.48392  -22.83543  -21.60324  -19.95229  -19.20436  -18.72771  -18.01496  -17.71082
 -16.45719  -16.13307  -16.00221  -15.52534  -13.89612  -13.62984  -13.50820  -12.23597
 -12.07783  -11.67829  -11.43702  -10.94332  -10.43932  -10.16363   -9.66824   -8.56086
  -8.55883   -7.98351   -6.92688   -6.76641   -6.64792   -6.24481   -6.08662   -5.33430
  -3.13493   -3.10893   -2.96761   -2.64504   -2.15059   -1.96976   -0.37699    0.29122
 kpt#   7, nband= 40, wtk=  1.00000, kpt=  0.1500  0.0000  0.0000 (reduced coord)
 -23.44360  -22.79607  -21.56579  -19.93177  -19.42087  -18.93453  -18.01599  -17.89277
 -16.21859  -15.95503  -15.87108  -15.61500  -13.85403  -13.55565  -13.49807  -12.18058
 -11.97120  -11.62916  -11.49827  -10.89557  -10.40195  -10.18849   -9.62392   -8.63971
  -8.60980   -7.95174   -7.12826   -6.77847   -6.67174   -6.41405   -6.16057   -5.54092
  -3.19014   -3.05276   -2.94162   -2.43177   -1.95429   -1.89386   -0.32206    0.34746
 kpt#   8, nband= 40, wtk=  1.00000, kpt=  0.1750  0.0000  0.0000 (reduced coord)
 -23.39597  -22.74959  -21.52172  -19.92893  -19.61094  -19.14315  -18.07659  -18.01361
 -16.02566  -15.95318  -15.69849  -15.52267  -13.92748  -13.46421  -13.38145  -12.12173
 -11.87861  -11.57152  -11.54255  -10.83877  -10.37089  -10.21692   -9.57140   -8.73542
  -8.66857   -7.91547   -7.33961   -6.79152   -6.69382   -6.63080   -6.19741   -5.74776
  -3.28006   -3.14765   -2.75010   -2.27245   -1.87360   -1.61653   -0.25717    0.41364
 kpt#   9, nband= 40, wtk=  1.00000, kpt=  0.2000  0.0000  0.0000 (reduced coord)
 -23.34106  -22.69604  -21.47115  -20.00270  -19.71454  -19.35033  -18.25989  -18.01202
 -16.05981  -15.90116  -15.46461  -15.31463  -14.04301  -13.30663  -13.28364  -12.06529
 -11.80256  -11.55938  -11.50509  -10.77394  -10.34832  -10.24900   -9.51158   -8.85298
  -8.73646   -7.87811   -7.55352   -6.85775   -6.80553   -6.71384   -6.23132   -5.95351
  -3.37630   -3.24883   -2.56194   -2.20535   -1.69207   -1.32522   -0.18232    0.00125
 kpt#  10, nband= 40, wtk=  1.00000, kpt=  0.2250  0.0000  0.0000 (reduced coord)
 -23.27888  -22.63542  -21.41417  -20.16981  -19.71518  -19.55378  -18.44025  -18.01446
 -16.17659  -15.82242  -15.19421  -15.08870  -14.15989  -13.20752  -13.12459  -12.01700
 -11.74473  -11.53937  -11.42956  -10.70017  -10.33584  -10.28310   -9.44267   -8.98788
  -8.81238   -7.86982   -7.73539   -7.08640   -6.81834   -6.73056   -6.26762   -6.15739
  -3.47645   -3.35431   -2.37759   -2.18831   -1.45244   -1.02562   -0.13367   -0.09750
 kpt#  11, nband= 40, wtk=  1.00000, kpt=  0.2500  0.0000  0.0000 (reduced coord)
 -23.20946  -22.56784  -21.35123  -20.36459  -19.75273  -19.67963  -18.61603  -18.02411
 -16.28355  -15.77157  -14.90625  -14.86469  -14.26601  -13.15472  -12.93068  -11.97480
 -11.70700  -11.48228  -11.34561  -10.61774  -10.33488  -10.31844   -9.36668   -9.14285
  -8.89770   -8.03162   -7.74389   -7.31386   -6.82982   -6.74481   -6.35899   -6.30895
  -3.57790   -3.46233   -2.19979   -2.18507   -1.19230   -0.73025   -0.22796   -0.00275
 kpt#  12, nband= 40, wtk=  1.00000, kpt=  0.2750  0.0000  0.0000 (reduced coord)
 -23.13279  -22.49331  -21.28277  -20.56265  -19.94589  -19.63423  -18.78381  -18.04402
 -16.37299  -15.74322  -14.65190  -14.61325  -14.35318  -13.12128  -12.72847  -11.92980
 -11.69026  -11.39804  -11.25243  -10.52653  -10.35520  -10.34743   -9.31212   -9.28266
  -8.99296   -8.24726   -7.69382   -7.53946   -6.83918   -6.75575   -6.55709   -6.35550
  -3.67783   -3.56950   -2.18198   -2.03036   -0.92502   -0.51810   -0.22740    0.10197
 kpt#  13, nband= 40, wtk=  1.00000, kpt=  0.3000  0.0000  0.0000 (reduced coord)
 -23.04893  -22.41191  -21.20975  -20.75791  -20.13165  -19.58996  -18.93758  -18.07683
 -16.44104  -15.73696  -14.45763  -14.43012  -14.30416  -13.10104  -12.52250  -11.87443
 -11.69488  -11.29857  -11.15103  -10.42682  -10.39213  -10.37444   -9.49270   -9.19177
  -9.09698   -8.46551   -7.75977   -7.63559   -6.84482   -6.76470   -6.74944   -6.40754
  -3.77415   -3.67338   -2.17411   -1.87376   -0.65794   -0.52864    0.01019    0.21664
 kpt#  14, nband= 40, wtk=  1.00000, kpt=  0.3250  0.0000  0.0000 (reduced coord)
 -22.95795  -22.32380  -21.13425  -20.94843  -20.30785  -19.56168  -19.06407  -18.12388
 -16.48577  -15.75352  -14.46712  -14.29110  -14.00716  -13.08189  -12.31467  -11.80442
 -11.72098  -11.19521  -11.04174  -10.43125  -10.41840  -10.31940   -9.68031   -9.21139
  -9.09420   -8.68124   -7.97463   -7.57532   -6.93441   -6.84727   -6.77173   -6.46485
  -3.86472   -3.77294   -2.15829   -1.73681   -0.59102   -0.39423    0.32386    0.34123
 kpt#  15, nband= 40, wtk=  1.00000, kpt=  0.3500  0.0000  0.0000 (reduced coord)
 -22.85983  -22.22916  -21.13340  -21.06169  -20.46919  -19.57659  -19.13695  -18.18544
 -16.50630  -15.79182  -14.48244  -14.16401  -13.70580  -13.04871  -12.10886  -11.76700
 -11.72146  -11.10122  -10.92331  -10.47864  -10.47419  -10.20359   -9.86287   -9.33242
  -8.99097   -8.89396   -8.18240   -7.52028   -7.10645   -6.84594   -6.77797   -6.52779
  -3.94684   -3.86530   -2.13412   -1.63223   -0.63214   -0.14071    0.47575    0.66559
 kpt#  16, nband= 40, wtk=  1.00000, kpt=  0.3750  0.0000  0.0000 (reduced coord)
 -22.75464  -22.12834  -21.31167  -21.00877  -20.59837  -19.65247  -19.13820  -18.25992
 -16.50381  -15.84820  -14.47351  -14.08496  -13.40480  -12.98860  -11.90737  -11.82909
 -11.62901  -11.03435  -10.79646  -10.55037  -10.52257  -10.07916  -10.02938   -9.46027
  -9.10061   -8.88493   -8.37976   -7.49734   -7.23810   -6.84152   -6.78267   -6.59585
  -4.01906   -3.94882   -2.10145   -1.57414   -0.62883    0.08926    0.62019    1.08102
 kpt#  17, nband= 40, wtk=  1.00000, kpt=  0.4000  0.0000  0.0000 (reduced coord)
 -22.64245  -22.02237  -21.48246  -21.01963  -20.65144  -19.76825  -19.08940  -18.34513
 -16.48134  -15.91864  -14.44478  -14.05497  -13.10695  -12.89783  -11.91130  -11.70674
 -11.53791  -11.02488  -10.66174  -10.61728  -10.57952  -10.16064   -9.94761   -9.59139
  -9.30162   -8.79539   -8.54706   -7.57315   -7.26189   -6.83552   -6.78693   -6.66713
  -4.07941   -4.02152   -2.05889   -1.56689   -0.57188    0.26357    0.77453    1.00315
 kpt#  18, nband= 40, wtk=  1.00000, kpt=  0.4250  0.0000  0.0000 (reduced coord)
 -22.52333  -21.91573  -21.64105  -21.11268  -20.61003  -19.89910  -19.01568  -18.43812
 -16.44106  -15.99779  -14.40084  -14.06523  -12.81684  -12.78420  -12.00081  -11.51663
 -11.47702  -11.07597  -10.67355  -10.64863  -10.51921  -10.23180   -9.80847   -9.72170
  -9.49553   -8.83981   -8.56717   -7.71715   -7.21076   -6.82834   -6.79108   -6.74259
  -4.12650   -4.08172   -2.00659   -1.60090   -0.46981    0.31817    0.93876    1.03346
 kpt#  19, nband= 40, wtk=  1.00000, kpt=  0.4500  0.0000  0.0000 (reduced coord)
 -22.39742  -21.86695  -21.72904  -21.24097  -20.52092  -20.03299  -18.92914  -18.53602
 -16.38662  -16.08145  -14.34565  -14.10312  -12.65686  -12.54363  -12.09051  -11.52333
 -11.33544  -11.09295  -10.75261  -10.73020  -10.36801  -10.22745   -9.84802   -9.70489
  -9.63920   -8.99962   -8.45804   -7.87325   -7.13922   -6.82068   -6.82031   -6.79537
  -4.15873   -4.12816   -1.94615   -1.66047   -0.33807    0.24706    1.11286    1.18607
 kpt#  20, nband= 40, wtk=  1.00000, kpt=  0.4750  0.0000  0.0000 (reduced coord)
 -22.26502  -21.98540  -21.63736  -21.37671  -20.41195  -20.16483  -18.83523  -18.63635
 -16.32062  -16.16514  -14.28394  -14.15721  -12.52866  -12.36372  -12.10755  -11.69614
 -11.16627  -11.02764  -10.86444  -10.82200  -10.20921  -10.16680   -9.96738   -9.87019
  -9.50005   -9.17083   -8.32399   -8.02872   -7.06185   -6.90072   -6.81359   -6.80041
  -4.17528   -4.15975   -1.87885   -1.73192   -0.19048    0.11542    1.29677    1.66174
 kpt#  21, nband= 40, wtk=  1.00000, kpt=  0.5000  0.0000  0.0000 (reduced coord)
 -22.12706  -22.12664  -21.51126  -21.51035  -20.29264  -20.29151  -18.73748  -18.73612
 -16.24671  -16.24529  -14.22027  -14.21877  -12.41198  -12.41104  -11.92060  -11.92002
 -11.01596  -11.01530  -10.91807  -10.91804  -10.07635  -10.07618  -10.04327  -10.04289
  -9.33927   -9.33845   -8.18057   -8.17925   -6.98238   -6.98117   -6.80797   -6.80563
  -4.17706   -4.17465   -1.80647   -1.80572   -0.03635   -0.03546    1.49037    1.49046