kpt#   1, nband= 16, wtk=  1.00000, kpt=  0.0000  0.0000  0.0000 (reduced coord)
 -61.51240  -36.71383  -36.50509  -36.50509  -16.43480  -15.30646   -7.98186   -4.96052
  -4.96052   -4.43395   -3.93277   -3.93277   -2.75186    0.07686    0.09112    0.23599
 kpt#   2, nband= 16, wtk=  1.00000, kpt=  0.0143  0.0000  0.0000 (reduced coord)
 -61.52592  -36.71936  -36.50768  -36.50513  -16.43284  -15.30551   -7.97911   -4.96786
  -4.95766   -4.45129   -3.93816   -3.92040   -2.75277    0.07389    0.13625    0.23140
 kpt#   3, nband= 16, wtk=  1.00000, kpt=  0.0286  0.0000  0.0000 (reduced coord)
 -61.52376  -36.71819  -36.50940  -36.50563  -16.42406  -15.30147   -7.96849   -4.98907
  -4.94844   -4.49851   -3.95309   -3.88611   -2.75546    0.06616    0.12735    0.19745
 kpt#   4, nband= 16, wtk=  1.00000, kpt=  0.0429  0.0000  0.0000 (reduced coord)
 -61.51688  -36.71563  -36.51199  -36.50578  -16.40941  -15.29475   -7.95081   -5.02374
  -4.93306   -4.56610   -3.97724   -3.84053   -2.76019    0.02760    0.14225    0.16453
 kpt#   5, nband= 16, wtk=  1.00000, kpt=  0.0571  0.0000  0.0000 (reduced coord)
 -61.52284  -36.71761  -36.51703  -36.50766  -16.38931  -15.28550   -7.92717   -5.07141
  -4.91174   -4.64668   -4.01080   -3.79234   -2.76764    0.00605    0.08917    0.16928
 kpt#   6, nband= 16, wtk=  1.00000, kpt=  0.0714  0.0000  0.0000 (reduced coord)
 -61.51529  -36.71559  -36.52210  -36.50760  -16.36320  -15.27346   -7.89636   -5.13063
  -4.88431   -4.73516   -4.05214   -3.74639   -2.77787   -0.03711    0.01714    0.17780
 kpt#   7, nband= 16, wtk=  1.00000, kpt=  0.0857  0.0000  0.0000 (reduced coord)
 -61.51414  -36.71421  -36.52845  -36.51065  -16.33173  -15.25891   -7.85968   -5.20060
  -4.85133   -4.82912   -4.10099   -3.70660   -2.79194   -0.07210   -0.06034    0.19477
 kpt#   8, nband= 16, wtk=  1.00000, kpt=  0.1000  0.0000  0.0000 (reduced coord)
 -61.51730  -36.71334  -36.53817  -36.51368  -16.29503  -15.24199   -7.81761   -5.27972
  -4.92692   -4.81320   -4.15616   -3.67544   -2.81060   -0.15037   -0.11042    0.08827
 kpt#   9, nband= 16, wtk=  1.00000, kpt=  0.1143  0.0000  0.0000 (reduced coord)
 -61.52445  -36.71403  -36.55038  -36.51616  -16.25327  -15.22271   -7.77098   -5.36644
  -5.02750   -4.76958   -4.21660   -3.65475   -2.83495   -0.23477   -0.15042    0.05234
 kpt#  10, nband= 16, wtk=  1.00000, kpt=  0.1286  0.0000  0.0000 (reduced coord)
 -61.51596  -36.71045  -36.55949  -36.51866  -16.20610  -15.20099   -7.71944   -5.45865
  -5.12990   -4.72099   -4.28131   -3.64518   -2.86506   -0.31667   -0.17132    0.00356
 kpt#  11, nband= 16, wtk=  1.00000, kpt=  0.1429  0.0000  0.0000 (reduced coord)
 -61.50601  -36.70700  -36.57089  -36.51905  -16.15370  -15.17669   -7.66403   -5.55591
  -5.23428   -4.66759   -4.34958   -3.64774   -2.90159   -0.39274   -0.18174   -0.04457
 kpt#  12, nband= 16, wtk=  1.00000, kpt=  0.1571  0.0000  0.0000 (reduced coord)
 -61.50615  -36.70535  -36.58471  -36.52166  -16.09720  -15.15072   -7.60768   -5.65546
  -5.34008   -4.61025   -4.42021   -3.66237   -2.94568   -0.46101   -0.17999   -0.09008
 kpt#  13, nband= 16, wtk=  1.00000, kpt=  0.1714  0.0000  0.0000 (reduced coord)
 -61.51501  -36.70340  -36.60166  -36.52737  -16.03623  -15.12269   -7.55070   -5.75617
  -5.44733   -4.54952   -4.49257   -3.68805   -2.99719   -0.51932   -0.16589   -0.13698
 kpt#  14, nband= 16, wtk=  1.00000, kpt=  0.1857  0.0000  0.0000 (reduced coord)
 -61.51297  -36.69981  -36.61691  -36.53073  -15.97179  -15.09305   -7.49555   -5.85472
  -5.55543   -4.56578   -4.48527   -3.72301   -3.05491   -0.56624   -0.18349   -0.13822
 kpt#  15, nband= 16, wtk=  1.00000, kpt=  0.2000  0.0000  0.0000 (reduced coord)
 -61.50628  -36.69799  -36.62868  -36.53394  -15.90282  -15.06170   -7.44419   -5.94920
  -5.66460   -4.63939   -4.41855   -3.76625   -3.11756   -0.60070   -0.22909   -0.09865
 kpt#  16, nband= 16, wtk=  1.00000, kpt=  0.2143  0.0000  0.0000 (reduced coord)
 -61.49977  -36.69302  -36.64379  -36.53744  -15.83133  -15.02880   -7.39935   -6.03762
  -5.77421   -4.71243   -4.34951   -3.81570   -3.18411   -0.62348   -0.27218   -0.04764
 kpt#  17, nband= 16, wtk=  1.00000, kpt=  0.2286  0.0000  0.0000 (reduced coord)
 -61.49077  -36.68946  -36.65713  -36.54029  -15.75638  -14.99486   -7.36504   -6.11666
  -5.88433   -4.78449   -4.27893   -3.86978   -3.25182   -0.63435   -0.31211    0.01185
 kpt#  18, nband= 16, wtk=  1.00000, kpt=  0.2429  0.0000  0.0000 (reduced coord)
 -61.47513  -36.68495  -36.66981  -36.54140  -15.67884  -14.95982   -7.34419   -6.18353
  -5.99435   -4.85501   -4.20738   -3.92659   -3.31816   -0.63400   -0.34924    0.08042
 kpt#  19, nband= 16, wtk=  1.00000, kpt=  0.2571  0.0000  0.0000 (reduced coord)
 -61.46172  -36.68493  -36.68034  -36.54135  -15.59992  -14.92385   -7.34031   -6.23665
  -6.10419   -4.92339   -4.13568   -3.98443   -3.38054   -0.62368   -0.38206    0.15256
 kpt#  20, nband= 16, wtk=  1.00000, kpt=  0.2714  0.0000  0.0000 (reduced coord)
 -61.46380  -36.70079  -36.67819  -36.54651  -15.51990  -14.88767   -7.35488   -6.27601
  -6.21322   -4.99006   -4.06505   -4.04224   -3.43648   -0.60435   -0.41191    0.22981
 kpt#  21, nband= 16, wtk=  1.00000, kpt=  0.2857  0.0000  0.0000 (reduced coord)
 -61.45003  -36.71084  -36.67412  -36.55061  -15.43830  -14.85112   -7.38698   -6.32083
  -6.30106   -5.05379   -4.09837   -3.99594   -3.48312   -0.57650   -0.43592    0.31009
 kpt#  22, nband= 16, wtk=  1.00000, kpt=  0.3000  0.0000  0.0000 (reduced coord)
 -61.43918  -36.72149  -36.66983  -36.55540  -15.35703  -14.81464   -7.43457   -6.42617
  -6.31660   -5.11470   -4.15231   -3.92858   -3.51851   -0.54223   -0.45580    0.39140
 kpt#  23, nband= 16, wtk=  1.00000, kpt=  0.3143  0.0000  0.0000 (reduced coord)
 -61.45041  -36.73938  -36.67024  -36.55972  -15.27686  -14.77885   -7.49464   -6.52904
  -6.32775   -5.17258   -4.20348   -3.86395   -3.54094   -0.50294   -0.47107    0.47168
 kpt#  24, nband= 16, wtk=  1.00000, kpt=  0.3286  0.0000  0.0000 (reduced coord)
 -61.45056  -36.75371  -36.66824  -36.56335  -15.19722  -14.74368   -7.56255   -6.62820
  -6.33624   -5.22682   -4.25117   -3.80257   -3.54943   -0.48081   -0.45888    0.55054
 kpt#  25, nband= 16, wtk=  1.00000, kpt=  0.3429  0.0000  0.0000 (reduced coord)
 -61.43762  -36.76236  -36.66565  -36.56537  -15.11929  -14.70942   -7.63477   -6.72296
  -6.34459   -5.27737   -4.29478   -3.74483   -3.54402   -0.48563   -0.41085    0.62654
 kpt#  26, nband= 16, wtk=  1.00000, kpt=  0.3571  0.0000  0.0000 (reduced coord)
 -61.42901  -36.77324  -36.66260  -36.56707  -15.04417  -14.67652   -7.70863   -6.81264
  -6.35590   -5.32414   -4.33463   -3.69151   -3.52594   -0.48658   -0.35989    0.69901
 kpt#  27, nband= 16, wtk=  1.00000, kpt=  0.3714  0.0000  0.0000 (reduced coord)
 -61.44474  -36.78897  -36.66381  -36.57204  -14.97312  -14.64551   -7.78280   -6.89705
  -6.37032   -5.36728   -4.37055   -3.64319   -3.49722   -0.48286   -0.30749    0.78751
 kpt#  28, nband= 16, wtk=  1.00000, kpt=  0.3857  0.0000  0.0000 (reduced coord)
 -61.43180  -36.79601  -36.66061  -36.57339  -14.90583  -14.61644   -7.85337   -6.97432
  -6.38671   -5.40578   -4.40216   -3.59947   -3.46001   -0.47653   -0.25389    0.82665
 kpt#  29, nband= 16, wtk=  1.00000, kpt=  0.4000  0.0000  0.0000 (reduced coord)
 -61.43651  -36.80952  -36.65822  -36.57578  -14.84422  -14.58984   -7.92059   -7.04452
  -6.40490   -5.44016   -4.42988   -3.56115   -3.41758   -0.46988   -0.20091    0.87950
 kpt#  30, nband= 16, wtk=  1.00000, kpt=  0.4143  0.0000  0.0000 (reduced coord)
 -61.43699  -36.81880  -36.65678  -36.57792  -14.78874  -14.56609   -7.98144   -7.10677
  -6.42376   -5.47032   -4.45363   -3.52794   -3.37241   -0.45995   -0.14953    0.92444
 kpt#  31, nband= 16, wtk=  1.00000, kpt=  0.4286  0.0000  0.0000 (reduced coord)
 -61.42911  -36.82409  -36.65492  -36.57861  -14.73986  -14.54526   -8.03516   -7.16037
  -6.44157   -5.49597   -4.47349   -3.49987   -3.32776   -0.44929   -0.10104    0.96624
 kpt#  32, nband= 16, wtk=  1.00000, kpt=  0.4429  0.0000  0.0000 (reduced coord)
 -61.42796  -36.82979  -36.65409  -36.58003  -14.69878  -14.52792   -8.08069   -7.20513
  -6.45821   -5.51695   -4.48948   -3.47715   -3.28674   -0.43970   -0.05769    1.00561
 kpt#  33, nband= 16, wtk=  1.00000, kpt=  0.4571  0.0000  0.0000 (reduced coord)
 -61.42471  -36.83480  -36.65213  -36.58061  -14.66625  -14.51417   -8.11722   -7.24037
  -6.47215   -5.53316   -4.50176   -3.45947   -3.25193   -0.43051   -0.02093    1.02068
 kpt#  34, nband= 16, wtk=  1.00000, kpt=  0.4714  0.0000  0.0000 (reduced coord)
 -61.43507  -36.84418  -36.65088  -36.58204  -14.64287  -14.50425   -8.14486   -7.26599
  -6.48270   -5.54485   -4.51051   -3.44702   -3.22570   -0.42409    0.00647    1.03899
 kpt#  35, nband= 16, wtk=  1.00000, kpt=  0.4857  0.0000  0.0000 (reduced coord)
 -61.42820  -36.84583  -36.64723  -36.58253  -14.62824  -14.49820   -8.16080   -7.28125
  -6.48910   -5.55191   -4.51572   -3.43954   -3.20900   -0.41951    0.02452    1.06381
 kpt#  36, nband= 16, wtk=  1.00000, kpt=  0.5000  0.0000  0.0000 (reduced coord)
 -61.43704  -36.84716  -36.64777  -36.58628  -14.62357  -14.49623   -8.16628   -7.28642
  -6.49154   -5.55441   -4.51753   -3.43719   -3.20368   -0.41934    0.03071    1.05495
 kpt#  37, nband= 16, wtk=  1.00000, kpt=  0.4917  0.0167  0.0000 (reduced coord)
 -61.42808  -36.84624  -36.64703  -36.58330  -14.62208  -14.49532   -8.16225   -7.28854
  -6.48982   -5.55670   -4.51625   -3.47622   -3.17837   -0.41704    0.03259    1.07186
 kpt#  38, nband= 16, wtk=  1.00000, kpt=  0.4833  0.0333  0.0000 (reduced coord)
 -61.43895  -36.84585  -36.64838  -36.58929  -14.61828  -14.49279   -8.15062   -7.29509
  -6.48551   -5.56414   -4.51294   -3.56739   -3.12962   -0.41335    0.03971    1.08055
 kpt#  39, nband= 16, wtk=  1.00000, kpt=  0.4750  0.0500  0.0000 (reduced coord)
 -61.42776  -36.84244  -36.64829  -36.58800  -14.61157  -14.48852   -8.13039   -7.30592
  -6.47796   -5.57461   -4.50805   -3.68456   -3.08001   -0.41131    0.04839    1.10640
 kpt#  40, nband= 16, wtk=  1.00000, kpt=  0.4667  0.0667  0.0000 (reduced coord)
 -61.42090  -36.84073  -36.64539  -36.59078  -14.60240  -14.48261   -8.10284   -7.32107
  -6.46767   -5.58749   -4.50272   -3.81991   -3.03622   -0.40418    0.07213    1.16344
 kpt#  41, nband= 16, wtk=  1.00000, kpt=  0.4583  0.0833  0.0000 (reduced coord)
 -61.42516  -36.83923  -36.64514  -36.59728  -14.59127  -14.47528   -8.06804   -7.34068
  -6.45533   -5.60101   -4.49782   -3.96938   -2.99930   -0.41035    0.09418    1.12597
 kpt#  42, nband= 16, wtk=  1.00000, kpt=  0.4500  0.1000  0.0000 (reduced coord)
 -61.42259  -36.83602  -36.64382  -36.60316  -14.57774  -14.46651   -8.02527   -7.36474
  -6.44067   -5.61361   -4.49493   -4.13030   -2.96736   -0.41748    0.11440    1.11326
 kpt#  43, nband= 16, wtk=  1.00000, kpt=  0.4417  0.1167  0.0000 (reduced coord)
 -61.40504  -36.82952  -36.64211  -36.60471  -14.56226  -14.45654   -7.97494   -7.39288
  -6.42425   -5.62348   -4.49479   -4.29993   -2.93856   -0.42997    0.18396    1.01769
 kpt#  44, nband= 16, wtk=  1.00000, kpt=  0.4333  0.1333  0.0000 (reduced coord)
 -61.40338  -36.82580  -36.64076  -36.61197  -14.54531  -14.44572   -7.91832   -7.42496
  -6.40668   -5.62974   -4.49858   -4.47653   -2.91269   -0.45038    0.20507    0.83382
 kpt#  45, nband= 16, wtk=  1.00000, kpt=  0.4250  0.1500  0.0000 (reduced coord)
 -61.39967  -36.81651  -36.64111  -36.62230  -14.52678  -14.43406   -7.85482   -7.46028
  -6.38836   -5.63152   -4.65712   -4.50692   -2.88744   -0.47754    0.25115    0.76029
 kpt#  46, nband= 16, wtk=  1.00000, kpt=  0.4167  0.1667  0.0000 (reduced coord)
 -61.39977  -36.81310  -36.64024  -36.63015  -14.50773  -14.42187   -7.78596   -7.49804
  -6.37018   -5.62778   -4.84005   -4.52019   -2.86196   -0.51196    0.31089    0.66117
 kpt#  47, nband= 16, wtk=  1.00000, kpt=  0.4083  0.1833  0.0000 (reduced coord)
 -61.39775  -36.80716  -36.64110  -36.63778  -14.48806  -14.40937   -7.71117   -7.53722
  -6.35288   -5.61865   -5.02278   -4.53844   -2.83479   -0.55208    0.35627    0.54762
 kpt#  48, nband= 16, wtk=  1.00000, kpt=  0.4000  0.2000  0.0000 (reduced coord)
 -61.40704  -36.79938  -36.65386  -36.64155  -14.46814  -14.39710   -7.63086   -7.57710
  -6.33763   -5.60488   -5.20261   -4.56196   -2.80540   -0.59718    0.41124    0.46700
 kpt#  49, nband= 16, wtk=  1.00000, kpt=  0.3917  0.2167  0.0000 (reduced coord)
 -61.41196  -36.79433  -36.66389  -36.64278  -14.44879  -14.38495   -7.61606   -7.54675
  -6.32548   -5.58565   -5.37652   -4.58997   -2.77379   -0.64566    0.39711    0.47071
 kpt#  50, nband= 16, wtk=  1.00000, kpt=  0.3833  0.2333  0.0000 (reduced coord)
 -61.41206  -36.78734  -36.67463  -36.64227  -14.43007  -14.37340   -7.65325   -7.45866
  -6.31889   -5.56247   -5.54044   -4.62165   -2.74023   -0.69519    0.33703    0.52621
 kpt#  51, nband= 16, wtk=  1.00000, kpt=  0.3750  0.2500  0.0000 (reduced coord)
 -61.42116  -36.78168  -36.68737  -36.64308  -14.41291  -14.36293   -7.68758   -7.36846
  -6.32176   -5.68909   -5.53644   -4.65587   -2.70598   -0.74428    0.28706    0.57889
 kpt#  52, nband= 16, wtk=  1.00000, kpt=  0.3667  0.2667  0.0000 (reduced coord)
 -61.41233  -36.77478  -36.69641  -36.63872  -14.39757  -14.35350   -7.71754   -7.27756
  -6.33904   -5.81372   -5.50878   -4.69038   -2.67206   -0.78947    0.24858    0.62756
 kpt#  53, nband= 16, wtk=  1.00000, kpt=  0.3583  0.2833  0.0000 (reduced coord)
 -61.40136  -36.76855  -36.70269  -36.63486  -14.38457  -14.34564   -7.74229   -7.18897
  -6.37632   -5.90562   -5.48198   -4.72309   -2.64099   -0.82938    0.22016    0.66812
 kpt#  54, nband= 16, wtk=  1.00000, kpt=  0.3500  0.3000  0.0000 (reduced coord)
 -61.39490  -36.76158  -36.70942  -36.63315  -14.37449  -14.33977   -7.76093   -7.10850
  -6.43074   -5.96119   -5.45897   -4.75107   -2.61553   -0.86099    0.20065    0.69892
 kpt#  55, nband= 16, wtk=  1.00000, kpt=  0.3417  0.3167  0.0000 (reduced coord)
 -61.39942  -36.75860  -36.71635  -36.63270  -14.36816  -14.33606   -7.77276   -7.04842
  -6.48365   -5.98728   -5.44281   -4.77057   -2.59864   -0.88166    0.18979    0.71876
 kpt#  56, nband= 16, wtk=  1.00000, kpt=  0.3333  0.3333  0.0000 (reduced coord)
 -61.39520  -36.75610  -36.71764  -36.63188  -14.36592  -14.33479   -7.77675   -7.02484
  -6.50637   -5.99417   -5.43687   -4.77759   -2.59239   -0.88885    0.18656    0.72605
 kpt#  57, nband= 16, wtk=  1.00000, kpt=  0.3250  0.3250  0.0000 (reduced coord)
 -61.39945  -36.75860  -36.71603  -36.63297  -14.36839  -14.33614   -7.77259   -7.04769
  -6.48251   -5.98902   -5.44323   -4.77002   -2.59908   -0.88148    0.18926    0.71845
 kpt#  58, nband= 16, wtk=  1.00000, kpt=  0.3167  0.3167  0.0000 (reduced coord)
 -61.39493  -36.76070  -36.71038  -36.63292  -14.37576  -14.34028   -7.75937   -7.10374
  -6.42092   -5.97484   -5.46182   -4.74694   -2.61893   -0.85946    0.19748    0.69554
 kpt#  59, nband= 16, wtk=  1.00000, kpt=  0.3083  0.3083  0.0000 (reduced coord)
 -61.40803  -36.76876  -36.70410  -36.63626  -14.38903  -14.34744   -7.73717   -7.17431
  -6.34160   -5.95236   -5.49083   -4.71034   -2.65213   -0.82486    0.20925    0.65875
 kpt#  60, nband= 16, wtk=  1.00000, kpt=  0.3000  0.3000  0.0000 (reduced coord)
 -61.41032  -36.77063  -36.69703  -36.63968  -14.40795  -14.35756   -7.70525   -7.24574
  -6.25911   -5.91819   -5.52697   -4.66241   -2.69618   -0.78091    0.22266    0.60346
 kpt#  61, nband= 16, wtk=  1.00000, kpt=  0.2917  0.2917  0.0000 (reduced coord)
 -61.42120  -36.77836  -36.69011  -36.64076  -14.43343  -14.37067   -7.66355   -7.31299
  -6.18638   -5.86766   -5.56759   -4.60565   -2.74922   -0.73017    0.23709    0.53655
 kpt#  62, nband= 16, wtk=  1.00000, kpt=  0.2833  0.2833  0.0000 (reduced coord)
 -61.42574  -36.78289  -36.68358  -36.63998  -14.46499  -14.38691   -7.61213   -7.37154
  -6.13078   -5.79628   -5.60970   -4.54271   -2.80819   -0.67749    0.25026    0.45813
 kpt#  63, nband= 16, wtk=  1.00000, kpt=  0.2750  0.2750  0.0000 (reduced coord)
 -61.41955  -36.78233  -36.67362  -36.64080  -14.50260  -14.40599   -7.55086   -7.41927
  -6.09341   -5.70531   -5.65163   -4.47525   -2.87030   -0.62799    0.26089    0.37393
 kpt#  64, nband= 16, wtk=  1.00000, kpt=  0.2667  0.2667  0.0000 (reduced coord)
 -61.43591  -36.78569  -36.66599  -36.64643  -14.54692  -14.42830   -7.48035   -7.45664
  -6.07131   -5.69150   -5.60152   -4.40539   -2.93403   -0.58633    0.26625    0.28863
 kpt#  65, nband= 16, wtk=  1.00000, kpt=  0.2583  0.2583  0.0000 (reduced coord)
 -61.43012  -36.78190  -36.65659  -36.64796  -14.59678  -14.45290   -7.48236   -7.40019
  -6.05873   -5.72808   -5.48982   -4.33339   -2.99619   -0.55609    0.20290    0.26709
 kpt#  66, nband= 16, wtk=  1.00000, kpt=  0.2500  0.2500  0.0000 (reduced coord)
 -61.42886  -36.77964  -36.64890  -36.64748  -14.65274  -14.48003   -7.49699   -7.31119
  -6.05497   -5.76002   -5.37433   -4.26095   -3.05587   -0.54234    0.11837    0.26036
 kpt#  67, nband= 16, wtk=  1.00000, kpt=  0.2417  0.2417  0.0000 (reduced coord)
 -61.41035  -36.77053  -36.64836  -36.63614  -14.71362  -14.50945   -7.50032   -7.21355
  -6.05753   -5.78634   -5.25726   -4.18854   -3.11112   -0.54754    0.05459    0.24753
 kpt#  68, nband= 16, wtk=  1.00000, kpt=  0.2333  0.2333  0.0000 (reduced coord)
 -61.41177  -36.76754  -36.65010  -36.62632  -14.77962  -14.54097   -7.49416   -7.10806
  -6.06703   -5.80706   -5.14117   -4.11723   -3.16191   -0.57282   -0.00690    0.22637
 kpt#  69, nband= 16, wtk=  1.00000, kpt=  0.2250  0.2250  0.0000 (reduced coord)
 -61.42014  -36.76106  -36.65258  -36.62211  -14.85019  -14.57459   -7.47903   -6.99551
  -6.08266   -5.82082   -5.02677   -4.04784   -3.20752   -0.61440   -0.05058    0.19792
 kpt#  70, nband= 16, wtk=  1.00000, kpt=  0.2167  0.2167  0.0000 (reduced coord)
 -61.42392  -36.75531  -36.65594  -36.61274  -14.92447  -14.60966   -7.45555   -6.87648
  -6.10392   -5.82743   -4.91506   -3.98081   -3.24774   -0.66467   -0.08694    0.16372
 kpt#  71, nband= 16, wtk=  1.00000, kpt=  0.2083  0.2083  0.0000 (reduced coord)
 -61.43878  -36.75116  -36.65941  -36.60702  -15.00207  -14.64603   -7.42599   -6.75207
  -6.12943   -5.82592   -4.80801   -3.91666   -3.28290   -0.71745   -0.11774    0.12394
 kpt#  72, nband= 16, wtk=  1.00000, kpt=  0.2000  0.2000  0.0000 (reduced coord)
 -61.45169  -36.74608  -36.66245  -36.60080  -15.08225  -14.68338   -7.39193   -6.62354
  -6.15771   -5.81549   -4.70637   -3.85595   -3.31273   -0.76592   -0.14434    0.08043
 kpt#  73, nband= 16, wtk=  1.00000, kpt=  0.1917  0.1917  0.0000 (reduced coord)
 -61.44901  -36.73342  -36.66612  -36.59236  -15.16399  -14.72137   -7.35558   -6.49256
  -6.18537   -5.79496   -4.61184   -3.79916   -3.33675   -0.80514   -0.17307    0.03462
 kpt#  74, nband= 16, wtk=  1.00000, kpt=  0.1833  0.1833  0.0000 (reduced coord)
 -61.44326  -36.71911  -36.66865  -36.58427  -15.24722  -14.75993   -7.32038   -6.36140
  -6.21018   -5.76247   -4.52731   -3.74678   -3.35402   -0.83318   -0.20101   -0.01244
 kpt#  75, nband= 16, wtk=  1.00000, kpt=  0.1750  0.1750  0.0000 (reduced coord)
 -61.45399  -36.71055  -36.67252  -36.57766  -15.33149  -14.79870   -7.29018   -6.23312
  -6.22912   -5.71664   -4.45679   -3.69916   -3.36322   -0.84865   -0.22648   -0.05911
 kpt#  76, nband= 16, wtk=  1.00000, kpt=  0.1667  0.1667  0.0000 (reduced coord)
 -61.46275  -36.70160  -36.67568  -36.57056  -15.41531  -14.83740   -7.26890   -6.23689
  -6.11142   -5.65412   -4.40270   -3.65663   -3.36147   -0.85100   -0.24914   -0.10394
 kpt#  77, nband= 16, wtk=  1.00000, kpt=  0.1583  0.1583  0.0000 (reduced coord)
 -61.47603  -36.69164  -36.67811  -36.56742  -15.49955  -14.87603   -7.26017   -6.22989
  -5.99974   -5.57249   -4.36825   -3.61928   -3.34728   -0.84152   -0.26656   -0.14596
 kpt#  78, nband= 16, wtk=  1.00000, kpt=  0.1500  0.1500  0.0000 (reduced coord)
 -61.48253  -36.68209  -36.68013  -36.56029  -15.58216  -14.91405   -7.26617   -6.20494
  -5.89976   -5.47190   -4.35422   -3.58781   -3.31859   -0.82045   -0.27782   -0.18390
 kpt#  79, nband= 16, wtk=  1.00000, kpt=  0.1417  0.1417  0.0000 (reduced coord)
 -61.48914  -36.68448  -36.66828  -36.55520  -15.66339  -14.95119   -7.28720   -6.16214
  -5.80925   -5.35539   -4.35988   -3.56203   -3.27742   -0.79027   -0.28106   -0.21683
 kpt#  80, nband= 16, wtk=  1.00000, kpt=  0.1333  0.1333  0.0000 (reduced coord)
 -61.48666  -36.68672  -36.65240  -36.54927  -15.74191  -14.98741   -7.32173   -6.10216
  -5.72475   -5.22837   -4.38200   -3.54202   -3.22602   -0.75222   -0.27446   -0.24352
 kpt#  81, nband= 16, wtk=  1.00000, kpt=  0.1250  0.1250  0.0000 (reduced coord)
 -61.50230  -36.69223  -36.64122  -36.54559  -15.81886  -15.02260   -7.36728   -6.02951
  -5.64247   -5.09584   -4.41766   -3.52828   -3.16913   -0.70806   -0.26371   -0.25637
 kpt#  82, nband= 16, wtk=  1.00000, kpt=  0.1167  0.1167  0.0000 (reduced coord)
 -61.50446  -36.69631  -36.62684  -36.53940  -15.89202  -15.05618   -7.41986   -5.94580
  -5.56012   -4.96213   -4.46184   -3.52082   -3.10954   -0.65818   -0.27619   -0.23258
 kpt#  83, nband= 16, wtk=  1.00000, kpt=  0.1083  0.1083  0.0000 (reduced coord)
 -61.50690  -36.69893  -36.61269  -36.53498  -15.96226  -15.08843   -7.47749   -5.85472
  -5.47585   -4.83049   -4.51186   -3.51939   -3.05115   -0.60266   -0.28044   -0.19224
 kpt#  84, nband= 16, wtk=  1.00000, kpt=  0.1000  0.1000  0.0000 (reduced coord)
 -61.50478  -36.70256  -36.59695  -36.52925  -16.02826  -15.11881   -7.53736   -5.75840
  -5.38936   -4.70334   -4.56460   -3.52442   -2.99616   -0.54125   -0.27656   -0.15639
 kpt#  85, nband= 16, wtk=  1.00000, kpt=  0.0917  0.0917  0.0000 (reduced coord)
 -61.51133  -36.70459  -36.58555  -36.52634  -16.09065  -15.14745   -7.59749   -5.66016
  -5.30040   -4.61830   -4.58299   -3.53589   -2.94665   -0.47391   -0.26191   -0.11043
 kpt#  86, nband= 16, wtk=  1.00000, kpt=  0.0833  0.0833  0.0000 (reduced coord)
 -61.50246  -36.70664  -36.56813  -36.52172  -16.14773  -15.17390   -7.65607   -5.56103
  -5.20885   -4.67067   -4.47060   -3.55396   -2.90298   -0.40027   -0.24129   -0.06313
 kpt#  87, nband= 16, wtk=  1.00000, kpt=  0.0750  0.0750  0.0000 (reduced coord)
 -61.50449  -36.70816  -36.55682  -36.51844  -16.20085  -15.19846   -7.71264   -5.46404
  -5.11546   -4.72127   -4.36766   -3.57811   -2.86628   -0.32115   -0.21014   -0.01441
 kpt#  88, nband= 16, wtk=  1.00000, kpt=  0.0667  0.0667  0.0000 (reduced coord)
 -61.52192  -36.71306  -36.55048  -36.51658  -16.24953  -15.22086   -7.76614   -5.37168
  -5.02088   -4.76869   -4.27519   -3.60923   -2.83628   -0.23679   -0.17696    0.07249
 kpt#  89, nband= 16, wtk=  1.00000, kpt=  0.0583  0.0583  0.0000 (reduced coord)
 -61.51933  -36.71474  -36.53845  -36.51375  -16.29224  -15.24061   -7.81425   -5.28448
  -4.92545   -4.81169   -4.19354   -3.64622   -2.81192   -0.15133   -0.13719    0.10668
 kpt#  90, nband= 16, wtk=  1.00000, kpt=  0.0500  0.0500  0.0000 (reduced coord)
 -61.52967  -36.71717  -36.53219  -36.51305  -16.33006  -15.25812   -7.85768   -5.20496
  -4.85020   -4.83071   -4.12332   -3.68911   -2.79319   -0.09509   -0.06181    0.12345
 kpt#  91, nband= 16, wtk=  1.00000, kpt=  0.0417  0.0417  0.0000 (reduced coord)
 -61.52201  -36.71737  -36.52127  -36.51072  -16.36188  -15.27279   -7.89478   -5.13396
  -4.88316   -4.73790   -4.06424   -3.73629   -2.77872   -0.04631    0.02365    0.16140
 kpt#  92, nband= 16, wtk=  1.00000, kpt=  0.0333  0.0333  0.0000 (reduced coord)
 -61.52291  -36.71666  -36.51679  -36.50917  -16.38840  -15.28507   -7.92585   -5.07364
  -4.91087   -4.64941   -4.01647   -3.78687   -2.76795    0.01661    0.09489    0.17045
 kpt#  93, nband= 16, wtk=  1.00000, kpt=  0.0250  0.0250  0.0000 (reduced coord)
 -61.52365  -36.71758  -36.51175  -36.50797  -16.40908  -15.29468   -7.95055   -5.02518
  -4.93257   -4.56823   -3.97974   -3.83794   -2.76052    0.04225    0.14543    0.16032
 kpt#  94, nband= 16, wtk=  1.00000, kpt=  0.0167  0.0167  0.0000 (reduced coord)
 -61.52383  -36.71735  -36.50920  -36.50685  -16.42389  -15.30142   -7.96813   -4.98981
  -4.94817   -4.49960   -3.95363   -3.88498   -2.75559    0.05820    0.13579    0.19728
 kpt#  95, nband= 16, wtk=  1.00000, kpt=  0.0083  0.0083  0.0000 (reduced coord)
 -61.52363  -36.71824  -36.50735  -36.50535  -16.43270  -15.30538   -7.97879   -4.96808
  -4.95747   -4.45166   -3.93824   -3.92005   -2.75274    0.07091    0.12302    0.22637
 kpt#  96, nband= 16, wtk=  1.00000, kpt=  0.0000  0.0000  0.0000 (reduced coord)
 -61.51240  -36.71383  -36.50509  -36.50509  -16.43480  -15.30646   -7.98186   -4.96052
  -4.96052   -4.43395   -3.93277   -3.93277   -2.75186    0.07686    0.09112    0.23599