
 **** DERIVATIVE DATABASE ****    
+DDB, Version number    100401

  Note : temporary (transfer) database

    usepaw         0
     natom         3
      nkpt        10
    nsppol         1
      nsym        12
    ntypat         2
    occopt         1
     nband        14
     acell  0.60564706910000D+01  0.60564706910000D+01  0.38453782165000D+02
       amu  0.95940000000000D+02  0.32066000000000D+02
   dilatmx  0.10000000000000D+01
      ecut  0.17000000000000D+02
    ecutsm  0.00000000000000D+00
     intxc         0
      iscf         7
       ixc         1
       kpt  0.00000000000000D+00  0.00000000000000D+00  0.50000000000000D+00
            0.12500000000000D+00  0.00000000000000D+00  0.50000000000000D+00
            0.25000000000000D+00  0.00000000000000D+00  0.50000000000000D+00
            0.37500000000000D+00  0.00000000000000D+00  0.50000000000000D+00
            0.50000000000000D+00  0.00000000000000D+00  0.50000000000000D+00
            0.12500000000000D+00  0.12500000000000D+00  0.50000000000000D+00
            0.25000000000000D+00  0.12500000000000D+00  0.50000000000000D+00
            0.37500000000000D+00  0.12500000000000D+00  0.50000000000000D+00
            0.25000000000000D+00  0.25000000000000D+00  0.50000000000000D+00
            0.37500000000000D+00  0.25000000000000D+00  0.50000000000000D+00
    kptnrm  0.10000000000000D+01
     ngfft        24   24  144
    nspden         1
   nspinor         1
       occ  0.20000000000000D+01  0.20000000000000D+01  0.20000000000000D+01
            0.20000000000000D+01  0.20000000000000D+01  0.20000000000000D+01
            0.20000000000000D+01  0.20000000000000D+01  0.20000000000000D+01
            0.20000000000000D+01  0.20000000000000D+01  0.20000000000000D+01
            0.20000000000000D+01  0.00000000000000D+00
     rprim  0.10000000000000D+01  0.00000000000000D+00  0.00000000000000D+00
           -0.50000000000000D+00  0.86602540378000D+00  0.00000000000000D+00
            0.00000000000000D+00  0.00000000000000D+00  0.10000000000000D+01
  dfpt_sciss  0.00000000000000D+00
    spinat  0.00000000000000D+00  0.00000000000000D+00  0.00000000000000D+00
            0.00000000000000D+00  0.00000000000000D+00  0.00000000000000D+00
            0.00000000000000D+00  0.00000000000000D+00  0.00000000000000D+00
    symafm         1    1    1    1    1    1    1    1    1    1    1    1
    symrel         1    0    0    0    1    0    0    0    1
                   0   -1    0   -1    0    0    0    0   -1
                  -1   -1    0    1    0    0    0    0   -1
                  -1    0    0    1    1    0    0    0    1
                   0    1    0   -1   -1    0    0    0    1
                   1    1    0    0   -1    0    0    0   -1
                   1    0    0    0    1    0    0    0   -1
                   0   -1    0   -1    0    0    0    0    1
                  -1   -1    0    1    0    0    0    0    1
                  -1    0    0    1    1    0    0    0   -1
                   0    1    0   -1   -1    0    0    0   -1
                   1    1    0    0   -1    0    0    0    1
     tnons  0.00000000000000D+00  0.00000000000000D+00  0.00000000000000D+00
            0.75995252187000D-27  0.75995252187000D-27  0.16176885994800D-19
            0.75995252187000D-27  0.75995252187000D-27  0.16176885994800D-19
            0.75995252187000D-27  0.00000000000000D+00  0.00000000000000D+00
            0.75995252187000D-27  0.89683101716788D-43  0.00000000000000D+00
            0.00000000000000D+00  0.89683101716788D-43  0.16176885994800D-19
            0.00000000000000D+00  0.00000000000000D+00  0.16176885994800D-19
            0.75995252187000D-27  0.75995252187000D-27  0.00000000000000D+00
            0.75995252187000D-27  0.75995252187000D-27  0.00000000000000D+00
            0.75995252187000D-27  0.00000000000000D+00  0.16176885994800D-19
            0.75995252187000D-27  0.89683101716788D-43  0.16176885994800D-19
            0.00000000000000D+00  0.89683101716788D-43  0.00000000000000D+00
    tolwfr  0.10000000000000D+01
   tphysel  0.00000000000000D+00
    tsmear  0.10000000000000D-01
     typat         1    2    2
       wtk  0.15625000000000D-01  0.93750000000000D-01  0.93750000000000D-01
            0.93750000000000D-01  0.46875000000000D-01  0.93750000000000D-01
            0.18750000000000D+00  0.18750000000000D+00  0.93750000000000D-01
            0.93750000000000D-01
      xred  0.50663501458000D-27  0.00000000000000D+00  0.80884429974000D-20
            0.66666666666667D+00  0.33333333333333D+00  0.79078110549000D-01
            0.66666666666667D+00  0.33333333333333D+00 -0.79078110549000D-01
     znucl  0.42000000000000D+02  0.16000000000000D+02
      zion  0.14000000000000D+02  0.60000000000000D+01
 
 No information on the potentials yet 
 
 **** Database of total energy derivatives ****
 Number of data blocks=    2
  
 Total energy                 - # elements :       1
 -0.90058544619747D+02  0.00000000000000D+00
  
 1st derivatives              - # elements :      15
   1   1  0.00000000000000D+00  0.00000000000000D+00
   2   1  0.00000000000000D+00  0.00000000000000D+00
   3   1  0.00000000000000D+00  0.00000000000000D+00
   1   2  0.26926452231544D-27  0.00000000000000D+00
   2   2  0.00000000000000D+00  0.00000000000000D+00
   3   2  0.93367825366809D+00  0.00000000000000D+00
   1   3  0.26926452231544D-27  0.00000000000000D+00
   2   3  0.00000000000000D+00  0.00000000000000D+00
   3   3 -0.93367825366809D+00  0.00000000000000D+00
   1   6  0.55866435827710D-03  0.00000000000000D+00
   2   6  0.55866435829359D-03  0.00000000000000D+00
   3   6  0.57926086026746D-03  0.00000000000000D+00
   1   7  0.00000000000000D+00  0.00000000000000D+00
   2   7  0.00000000000000D+00  0.00000000000000D+00
   3   7  0.00000000000000D+00  0.00000000000000D+00
