
 **** DERIVATIVE DATABASE ****    
+DDB, Version number    100401

  Note : temporary (transfer) database

    usepaw         0
     natom         3
      nkpt        21
    nsppol         1
      nsym        12
    ntypat         2
    occopt         1
     nband        10
     acell  0.60204074108000D+01  0.60204074108000D+01  0.19112404479000D+02
       amu  0.95940000000000D+02  0.32066000000000D+02
   dilatmx  0.10000000000000D+01
      ecut  0.17000000000000D+02
    ecutsm  0.00000000000000D+00
     intxc         0
      iscf         7
       ixc         1
       kpt  0.00000000000000D+00  0.00000000000000D+00  0.83333333333333D-01
            0.16666666666667D+00  0.00000000000000D+00  0.83333333333333D-01
            0.33333333333333D+00  0.00000000000000D+00  0.83333333333333D-01
            0.50000000000000D+00  0.00000000000000D+00  0.83333333333333D-01
            0.16666666666667D+00  0.16666666666667D+00  0.83333333333333D-01
            0.33333333333333D+00  0.16666666666667D+00  0.83333333333333D-01
            0.33333333333333D+00  0.33333333333333D+00  0.83333333333333D-01
            0.00000000000000D+00  0.00000000000000D+00  0.25000000000000D+00
            0.16666666666667D+00  0.00000000000000D+00  0.25000000000000D+00
            0.33333333333333D+00  0.00000000000000D+00  0.25000000000000D+00
            0.50000000000000D+00  0.00000000000000D+00  0.25000000000000D+00
            0.16666666666667D+00  0.16666666666667D+00  0.25000000000000D+00
            0.33333333333333D+00  0.16666666666667D+00  0.25000000000000D+00
            0.33333333333333D+00  0.33333333333333D+00  0.25000000000000D+00
            0.00000000000000D+00  0.00000000000000D+00  0.41666666666667D+00
            0.16666666666667D+00  0.00000000000000D+00  0.41666666666667D+00
            0.33333333333333D+00  0.00000000000000D+00  0.41666666666667D+00
            0.50000000000000D+00  0.00000000000000D+00  0.41666666666667D+00
            0.16666666666667D+00  0.16666666666667D+00  0.41666666666667D+00
            0.33333333333333D+00  0.16666666666667D+00  0.41666666666667D+00
            0.33333333333333D+00  0.33333333333333D+00  0.41666666666667D+00
    kptnrm  0.10000000000000D+01
     ngfft        24   24   72
    nspden         1
   nspinor         1
       occ  0.20000000000000D+01  0.20000000000000D+01  0.20000000000000D+01
            0.20000000000000D+01  0.20000000000000D+01  0.20000000000000D+01
            0.20000000000000D+01  0.20000000000000D+01  0.20000000000000D+01
            0.00000000000000D+00
     rprim  0.10000000000000D+01  0.00000000000000D+00  0.00000000000000D+00
           -0.50000000000000D+00  0.86602540378000D+00  0.00000000000000D+00
            0.00000000000000D+00  0.00000000000000D+00  0.10000000000000D+01
  dfpt_sciss  0.00000000000000D+00
    spinat  0.00000000000000D+00  0.00000000000000D+00  0.00000000000000D+00
            0.00000000000000D+00  0.00000000000000D+00  0.00000000000000D+00
            0.00000000000000D+00  0.00000000000000D+00  0.00000000000000D+00
    symafm         1    1    1    1    1    1    1    1    1    1    1    1
    symrel         1    0    0    0    1    0    0    0    1
                   0   -1    0   -1    0    0    0    0   -1
                  -1   -1    0    1    0    0    0    0   -1
                  -1    0    0    1    1    0    0    0    1
                   0    1    0   -1   -1    0    0    0    1
                   1    1    0    0   -1    0    0    0   -1
                   1    0    0    0    1    0    0    0   -1
                   0   -1    0   -1    0    0    0    0    1
                  -1   -1    0    1    0    0    0    0    1
                  -1    0    0    1    1    0    0    0   -1
                   0    1    0   -1   -1    0    0    0   -1
                   1    1    0    0   -1    0    0    0    1
     tnons  0.00000000000000D+00  0.00000000000000D+00  0.00000000000000D+00
            0.00000000000000D+00  0.00000000000000D+00  0.00000000000000D+00
            0.00000000000000D+00  0.00000000000000D+00  0.00000000000000D+00
            0.00000000000000D+00  0.00000000000000D+00  0.00000000000000D+00
            0.00000000000000D+00  0.00000000000000D+00  0.00000000000000D+00
            0.00000000000000D+00  0.00000000000000D+00  0.00000000000000D+00
            0.00000000000000D+00  0.00000000000000D+00  0.00000000000000D+00
            0.00000000000000D+00  0.00000000000000D+00  0.00000000000000D+00
            0.00000000000000D+00  0.00000000000000D+00  0.00000000000000D+00
            0.00000000000000D+00  0.00000000000000D+00  0.00000000000000D+00
            0.00000000000000D+00  0.00000000000000D+00  0.00000000000000D+00
            0.00000000000000D+00  0.00000000000000D+00  0.00000000000000D+00
    tolwfr  0.10000000000000D+01
   tphysel  0.00000000000000D+00
    tsmear  0.10000000000000D-01
     typat         1    2    2
       wtk  0.92592592592593D-02  0.55555555555556D-01  0.55555555555556D-01
            0.27777777777778D-01  0.55555555555556D-01  0.11111111111111D+00
            0.18518518518519D-01  0.92592592592593D-02  0.55555555555556D-01
            0.55555555555556D-01  0.27777777777778D-01  0.55555555555556D-01
            0.11111111111111D+00  0.18518518518519D-01  0.92592592592593D-02
            0.55555555555556D-01  0.55555555555556D-01  0.27777777777778D-01
            0.55555555555556D-01  0.11111111111111D+00  0.18518518518519D-01
      xred  0.00000000000000D+00  0.00000000000000D+00  0.00000000000000D+00
            0.66666666666667D+00  0.33333333333333D+00  0.16298478192000D+00
            0.66666666666667D+00  0.33333333333333D+00 -0.16298478192000D+00
     znucl  0.42000000000000D+02  0.16000000000000D+02
      zion  0.60000000000000D+01  0.60000000000000D+01
 
 No information on the potentials yet 
 
 **** Database of total energy derivatives ****
 Number of data blocks=    2
  
 Total energy                 - # elements :       1
 -0.32164262370655D+02  0.00000000000000D+00
  
 1st derivatives              - # elements :      15
   1   1  0.00000000000000D+00  0.00000000000000D+00
   2   1  0.00000000000000D+00  0.00000000000000D+00
   3   1  0.00000000000000D+00  0.00000000000000D+00
   1   2  0.00000000000000D+00  0.00000000000000D+00
   2   2  0.00000000000000D+00  0.00000000000000D+00
   3   2  0.20502458119701D+00  0.00000000000000D+00
   1   3  0.00000000000000D+00  0.00000000000000D+00
   2   3  0.00000000000000D+00  0.00000000000000D+00
   3   3 -0.20502458119701D+00  0.00000000000000D+00
   1   6  0.67754907053672D-04  0.00000000000000D+00
   2   6  0.67754907109360D-04  0.00000000000000D+00
   3   6  0.17368194051172D-03  0.00000000000000D+00
   1   7  0.00000000000000D+00  0.00000000000000D+00
   2   7  0.00000000000000D+00  0.00000000000000D+00
   3   7  0.00000000000000D+00  0.00000000000000D+00
