 Fermi (or HOMO) energy (hartree) =  -0.08398   Average Vxc (hartree)=  -0.28298
 Eigenvalues (hartree) for nkpt=  21  k points:
 kpt#   1, nband= 10, wtk=  0.00926, kpt=  0.0000  0.0000  0.0833 (reduced coord)
  -0.59511   -0.55836   -0.28341   -0.16555   -0.16555   -0.15538   -0.12634   -0.12634
  -0.09820    0.01769
 kpt#   2, nband= 10, wtk=  0.05556, kpt=  0.1667  0.0000  0.0833 (reduced coord)
  -0.58113   -0.55034   -0.26714   -0.19510   -0.18595   -0.15064   -0.14663   -0.12450
  -0.10420   -0.01130
 kpt#   3, nband= 10, wtk=  0.05556, kpt=  0.3333  0.0000  0.0833 (reduced coord)
  -0.54769   -0.53159   -0.26563   -0.23376   -0.22290   -0.17605   -0.14933   -0.12251
  -0.12100   -0.00897
 kpt#   4, nband= 10, wtk=  0.02778, kpt=  0.5000  0.0000  0.0833 (reduced coord)
  -0.52631   -0.52023   -0.29074   -0.25969   -0.22709   -0.18785   -0.15883   -0.10981
  -0.10875    0.00950
 kpt#   5, nband= 10, wtk=  0.05556, kpt=  0.1667  0.1667  0.0833 (reduced coord)
  -0.55710   -0.53666   -0.25314   -0.21846   -0.21037   -0.19497   -0.14748   -0.12509
  -0.11276   -0.02554
 kpt#   6, nband= 10, wtk=  0.11111, kpt=  0.3333  0.1667  0.0833 (reduced coord)
  -0.52737   -0.51998   -0.27239   -0.25664   -0.21889   -0.19807   -0.16600   -0.15180
  -0.09897   -0.00808
 kpt#   7, nband= 10, wtk=  0.01852, kpt=  0.3333  0.3333  0.0833 (reduced coord)
  -0.51655   -0.51315   -0.27243   -0.24841   -0.22903   -0.20857   -0.19238   -0.16756
  -0.08398   -0.01673
 kpt#   8, nband= 10, wtk=  0.00926, kpt=  0.0000  0.0000  0.2500 (reduced coord)
  -0.59512   -0.55837   -0.28336   -0.16559   -0.16559   -0.15577   -0.12644   -0.12644
  -0.09784    0.01751
 kpt#   9, nband= 10, wtk=  0.05556, kpt=  0.1667  0.0000  0.2500 (reduced coord)
  -0.58113   -0.55034   -0.26710   -0.19510   -0.18606   -0.15064   -0.14663   -0.12467
  -0.10404   -0.01139
 kpt#  10, nband= 10, wtk=  0.05556, kpt=  0.3333  0.0000  0.2500 (reduced coord)
  -0.54768   -0.53159   -0.26561   -0.23378   -0.22287   -0.17605   -0.14941   -0.12247
  -0.12099   -0.00887
 kpt#  11, nband= 10, wtk=  0.02778, kpt=  0.5000  0.0000  0.2500 (reduced coord)
  -0.52631   -0.52024   -0.29074   -0.25969   -0.22708   -0.18780   -0.15885   -0.10981
  -0.10875    0.00708
 kpt#  12, nband= 10, wtk=  0.05556, kpt=  0.1667  0.1667  0.2500 (reduced coord)
  -0.55710   -0.53666   -0.25310   -0.21844   -0.21040   -0.19500   -0.14746   -0.12517
  -0.11271   -0.02521
 kpt#  13, nband= 10, wtk=  0.11111, kpt=  0.3333  0.1667  0.2500 (reduced coord)
  -0.52738   -0.51998   -0.27238   -0.25664   -0.21888   -0.19810   -0.16600   -0.15184
  -0.09897    0.01054
 kpt#  14, nband= 10, wtk=  0.01852, kpt=  0.3333  0.3333  0.2500 (reduced coord)
  -0.51654   -0.51316   -0.27245   -0.24841   -0.22903   -0.20857   -0.19239   -0.16758
  -0.08401   -0.01679
 kpt#  15, nband= 10, wtk=  0.00926, kpt=  0.0000  0.0000  0.4167 (reduced coord)
  -0.59512   -0.55838   -0.28331   -0.16565   -0.16565   -0.15614   -0.12645   -0.12645
  -0.09742    0.01763
 kpt#  16, nband= 10, wtk=  0.05556, kpt=  0.1667  0.0000  0.4167 (reduced coord)
  -0.58113   -0.55034   -0.26703   -0.19509   -0.18615   -0.15063   -0.14661   -0.12483
  -0.10381   -0.01052
 kpt#  17, nband= 10, wtk=  0.05556, kpt=  0.3333  0.0000  0.4167 (reduced coord)
  -0.54768   -0.53159   -0.26560   -0.23379   -0.22284   -0.17601   -0.14950   -0.12243
  -0.12099   -0.00705
 kpt#  18, nband= 10, wtk=  0.02778, kpt=  0.5000  0.0000  0.4167 (reduced coord)
  -0.52631   -0.52024   -0.29073   -0.25970   -0.22706   -0.18780   -0.15890   -0.10978
  -0.10874    0.00586
 kpt#  19, nband= 10, wtk=  0.05556, kpt=  0.1667  0.1667  0.4167 (reduced coord)
  -0.55710   -0.53666   -0.25308   -0.21842   -0.21044   -0.19504   -0.14746   -0.12526
  -0.11269   -0.02491
 kpt#  20, nband= 10, wtk=  0.11111, kpt=  0.3333  0.1667  0.4167 (reduced coord)
  -0.52738   -0.51999   -0.27238   -0.25664   -0.21887   -0.19813   -0.16600   -0.15186
  -0.09896   -0.00799
 kpt#  21, nband= 10, wtk=  0.01852, kpt=  0.3333  0.3333  0.4167 (reduced coord)
  -0.51655   -0.51316   -0.27244   -0.24841   -0.22902   -0.20855   -0.19239   -0.16760
  -0.08399   -0.01668
