 Eigenvalues (   eV  ) for nkpt=  48  k points:
 kpt#   1, nband= 16, wtk=  1.00000, kpt=  0.0000  0.0000  0.0000 (reduced coord)
 -61.51240  -36.71383  -36.50509  -36.50509  -16.43480  -15.30646   -7.98186   -4.96052
  -4.96052   -4.43395   -3.93277   -3.93277   -2.75186    0.07686    0.09112    0.23599
 kpt#   2, nband= 16, wtk=  1.00000, kpt=  0.0294  0.0000  0.0000 (reduced coord)
 -61.52374  -36.71816  -36.50958  -36.50567  -16.42337  -15.30115   -7.96765   -4.99074
  -4.94770   -4.50202   -3.95427   -3.88365   -2.75568    0.06546    0.12841    0.19516
 kpt#   3, nband= 16, wtk=  1.00000, kpt=  0.0588  0.0000  0.0000 (reduced coord)
 -61.52274  -36.71747  -36.51772  -36.50782  -16.38657  -15.28423   -7.92391   -5.07780
  -4.90884   -4.65676   -4.01527   -3.78671   -2.76868    0.00187    0.08120    0.17054
 kpt#   4, nband= 16, wtk=  1.00000, kpt=  0.0882  0.0000  0.0000 (reduced coord)
 -61.51840  -36.71446  -36.53160  -36.51132  -16.32572  -15.25617   -7.85276   -5.21419
  -4.84616   -4.84500   -4.11029   -3.70051   -2.79494   -0.08588   -0.08049    0.12288
 kpt#   5, nband= 16, wtk=  1.00000, kpt=  0.1176  0.0000  0.0000 (reduced coord)
 -61.52401  -36.71352  -36.55293  -36.51675  -16.24268  -15.21782   -7.75928   -5.38771
  -5.05149   -4.75858   -4.23147   -3.65145   -2.84146   -0.25452   -0.15636    0.04074
 kpt#   6, nband= 16, wtk=  1.00000, kpt=  0.1471  0.0000  0.0000 (reduced coord)
 -61.50095  -36.70587  -36.57330  -36.51920  -16.13732  -15.16922   -7.64747   -5.58486
  -5.26526   -4.65106   -4.37005   -3.65071   -2.91372   -0.41334   -0.18242   -0.05459
 kpt#   7, nband= 16, wtk=  1.00000, kpt=  0.1765  0.0000  0.0000 (reduced coord)
 -61.51432  -36.70238  -36.60671  -36.52854  -16.01393  -15.11242   -7.53097   -5.79120
  -5.48542   -4.52719   -4.51834   -3.69935   -3.01684   -0.53717   -0.15760   -0.15402
 kpt#   8, nband= 16, wtk=  1.00000, kpt=  0.2059  0.0000  0.0000 (reduced coord)
 -61.50109  -36.69487  -36.63464  -36.53532  -15.87362  -15.04818   -7.42440   -5.98651
  -5.70957   -4.66954   -4.39034   -3.78589   -3.14470   -0.61157   -0.24726   -0.07879
 kpt#   9, nband= 16, wtk=  1.00000, kpt=  0.2353  0.0000  0.0000 (reduced coord)
 -61.48092  -36.68635  -36.66277  -36.54074  -15.72036  -14.97846   -7.35317   -6.14971
  -5.93593   -4.81783   -4.24530   -3.89622   -3.28338   -0.63555   -0.33031    0.04328
 kpt#  10, nband= 16, wtk=  1.00000, kpt=  0.2647  0.0000  0.0000 (reduced coord)
 -61.46494  -36.69335  -36.67971  -36.54478  -15.55757  -14.90474   -7.34576   -6.25929
  -6.16211   -4.95907   -4.09829   -4.01518   -3.41119   -0.61441   -0.39867    0.19281
 kpt#  11, nband= 16, wtk=  1.00000, kpt=  0.2941  0.0000  0.0000 (reduced coord)
 -61.44443  -36.71710  -36.67135  -36.55426  -15.39058  -14.82958   -7.41323   -6.38308
  -6.31113   -5.09000   -4.13040   -3.95617   -3.50553   -0.55701   -0.44734    0.35817
 kpt#  12, nband= 16, wtk=  1.00000, kpt=  0.3235  0.0000  0.0000 (reduced coord)
 -61.44906  -36.74761  -36.66917  -36.56220  -15.22497  -14.75600   -7.53777   -6.59367
  -6.33320   -5.20805   -4.23475   -3.82389   -3.54798   -0.47698   -0.47482    0.52451
 kpt#  13, nband= 16, wtk=  1.00000, kpt=  0.3529  0.0000  0.0000 (reduced coord)
 -61.43406  -36.76991  -36.66351  -36.56820  -15.06591  -14.68609   -7.68687   -6.78682
  -6.35230   -5.31083   -4.32332   -3.70677   -3.53273   -0.48670   -0.37513    0.68066
 kpt#  14, nband= 16, wtk=  1.00000, kpt=  0.3824  0.0000  0.0000 (reduced coord)
 -61.43014  -36.79379  -36.66127  -36.57123  -14.92121  -14.62305   -7.83693   -6.95680
  -6.38251   -5.39706   -4.39507   -3.60915   -3.46915   -0.47816   -0.26649    0.81729
 kpt#  15, nband= 16, wtk=  1.00000, kpt=  0.4118  0.0000  0.0000 (reduced coord)
 -61.43724  -36.81736  -36.65708  -36.57758  -14.79805  -14.57007   -7.97123   -7.09639
  -6.42041   -5.46535   -4.44973   -3.53344   -3.38039   -0.46171   -0.15842    0.91677
 kpt#  16, nband= 16, wtk=  1.00000, kpt=  0.4412  0.0000  0.0000 (reduced coord)
 -61.42806  -36.82914  -36.65422  -36.57987  -14.70318  -14.52978   -8.07580   -7.20036
  -6.45637   -5.51472   -4.48778   -3.47957   -3.29127   -0.44081   -0.06248    1.00259
 kpt#  17, nband= 16, wtk=  1.00000, kpt=  0.4706  0.0000  0.0000 (reduced coord)
 -61.43958  -36.84462  -36.65241  -36.58231  -14.64409  -14.50483   -8.14368   -7.26484
  -6.48227   -5.54438   -4.51017   -3.44763   -3.22713   -0.42485    0.00533    1.03816
 kpt#  18, nband= 16, wtk=  1.00000, kpt=  0.5000  0.0000  0.0000 (reduced coord)
 -61.43704  -36.84716  -36.64777  -36.58628  -14.62357  -14.49623   -8.16628   -7.28642
  -6.49154   -5.55441   -4.51753   -3.43719   -3.20368   -0.41934    0.03071    1.05495
 kpt#  19, nband= 16, wtk=  1.00000, kpt=  0.4833  0.0333  0.0000 (reduced coord)
 -61.43895  -36.84585  -36.64838  -36.58929  -14.61828  -14.49279   -8.15062   -7.29509
  -6.48551   -5.56414   -4.51294   -3.56739   -3.12962   -0.41335    0.03971    1.08055
 kpt#  20, nband= 16, wtk=  1.00000, kpt=  0.4667  0.0667  0.0000 (reduced coord)
 -61.42090  -36.84073  -36.64539  -36.59078  -14.60240  -14.48261   -8.10284   -7.32107
  -6.46767   -5.58749   -4.50272   -3.81991   -3.03622   -0.40418    0.07213    1.16344
 kpt#  21, nband= 16, wtk=  1.00000, kpt=  0.4500  0.1000  0.0000 (reduced coord)
 -61.42259  -36.83602  -36.64382  -36.60316  -14.57774  -14.46651   -8.02527   -7.36474
  -6.44067   -5.61361   -4.49493   -4.13030   -2.96736   -0.41748    0.11440    1.11326
 kpt#  22, nband= 16, wtk=  1.00000, kpt=  0.4333  0.1333  0.0000 (reduced coord)
 -61.40338  -36.82580  -36.64076  -36.61197  -14.54531  -14.44572   -7.91832   -7.42496
  -6.40668   -5.62974   -4.49858   -4.47653   -2.91269   -0.45038    0.20507    0.83382
 kpt#  23, nband= 16, wtk=  1.00000, kpt=  0.4167  0.1667  0.0000 (reduced coord)
 -61.39977  -36.81310  -36.64024  -36.63015  -14.50773  -14.42187   -7.78596   -7.49804
  -6.37018   -5.62778   -4.84005   -4.52019   -2.86196   -0.51196    0.31089    0.66117
 kpt#  24, nband= 16, wtk=  1.00000, kpt=  0.4000  0.2000  0.0000 (reduced coord)
 -61.40704  -36.79938  -36.65386  -36.64155  -14.46814  -14.39710   -7.63086   -7.57710
  -6.33763   -5.60488   -5.20261   -4.56196   -2.80540   -0.59718    0.41124    0.46700
 kpt#  25, nband= 16, wtk=  1.00000, kpt=  0.3833  0.2333  0.0000 (reduced coord)
 -61.41206  -36.78734  -36.67463  -36.64227  -14.43007  -14.37340   -7.65325   -7.45866
  -6.31889   -5.56247   -5.54044   -4.62165   -2.74023   -0.69519    0.33703    0.52621
 kpt#  26, nband= 16, wtk=  1.00000, kpt=  0.3667  0.2667  0.0000 (reduced coord)
 -61.41233  -36.77478  -36.69641  -36.63872  -14.39757  -14.35350   -7.71754   -7.27756
  -6.33904   -5.81372   -5.50878   -4.69038   -2.67206   -0.78947    0.24858    0.62756
 kpt#  27, nband= 16, wtk=  1.00000, kpt=  0.3500  0.3000  0.0000 (reduced coord)
 -61.39490  -36.76158  -36.70942  -36.63315  -14.37449  -14.33977   -7.76093   -7.10850
  -6.43074   -5.96119   -5.45897   -4.75107   -2.61553   -0.86099    0.20065    0.69892
 kpt#  28, nband= 16, wtk=  1.00000, kpt=  0.3333  0.3333  0.0000 (reduced coord)
 -61.39520  -36.75610  -36.71764  -36.63188  -14.36592  -14.33479   -7.77675   -7.02484
  -6.50637   -5.99417   -5.43687   -4.77759   -2.59239   -0.88885    0.18656    0.72605
 kpt#  29, nband= 16, wtk=  1.00000, kpt=  0.3167  0.3167  0.0000 (reduced coord)
 -61.39493  -36.76070  -36.71038  -36.63292  -14.37576  -14.34028   -7.75937   -7.10374
  -6.42092   -5.97484   -5.46182   -4.74694   -2.61893   -0.85946    0.19748    0.69554
 kpt#  30, nband= 16, wtk=  1.00000, kpt=  0.3000  0.3000  0.0000 (reduced coord)
 -61.41032  -36.77063  -36.69703  -36.63968  -14.40795  -14.35756   -7.70525   -7.24574
  -6.25911   -5.91819   -5.52697   -4.66241   -2.69618   -0.78091    0.22266    0.60346
 kpt#  31, nband= 16, wtk=  1.00000, kpt=  0.2833  0.2833  0.0000 (reduced coord)
 -61.42574  -36.78289  -36.68358  -36.63998  -14.46499  -14.38691   -7.61213   -7.37154
  -6.13078   -5.79628   -5.60970   -4.54271   -2.80819   -0.67749    0.25026    0.45813
 kpt#  32, nband= 16, wtk=  1.00000, kpt=  0.2667  0.2667  0.0000 (reduced coord)
 -61.43591  -36.78569  -36.66599  -36.64643  -14.54692  -14.42830   -7.48035   -7.45664
  -6.07131   -5.69150   -5.60152   -4.40539   -2.93403   -0.58633    0.26625    0.28863
 kpt#  33, nband= 16, wtk=  1.00000, kpt=  0.2500  0.2500  0.0000 (reduced coord)
 -61.42886  -36.77964  -36.64890  -36.64748  -14.65274  -14.48003   -7.49699   -7.31119
  -6.05497   -5.76002   -5.37433   -4.26095   -3.05587   -0.54234    0.11837    0.26036
 kpt#  34, nband= 16, wtk=  1.00000, kpt=  0.2333  0.2333  0.0000 (reduced coord)
 -61.41177  -36.76754  -36.65010  -36.62632  -14.77962  -14.54097   -7.49416   -7.10806
  -6.06703   -5.80706   -5.14117   -4.11723   -3.16191   -0.57282   -0.00690    0.22637
 kpt#  35, nband= 16, wtk=  1.00000, kpt=  0.2167  0.2167  0.0000 (reduced coord)
 -61.42392  -36.75531  -36.65594  -36.61274  -14.92447  -14.60966   -7.45555   -6.87648
  -6.10392   -5.82743   -4.91506   -3.98081   -3.24774   -0.66467   -0.08694    0.16372
 kpt#  36, nband= 16, wtk=  1.00000, kpt=  0.2000  0.2000  0.0000 (reduced coord)
 -61.45169  -36.74608  -36.66245  -36.60080  -15.08225  -14.68338   -7.39193   -6.62354
  -6.15771   -5.81549   -4.70637   -3.85595   -3.31273   -0.76592   -0.14434    0.08043
 kpt#  37, nband= 16, wtk=  1.00000, kpt=  0.1833  0.1833  0.0000 (reduced coord)
 -61.44326  -36.71911  -36.66865  -36.58427  -15.24722  -14.75993   -7.32038   -6.36140
  -6.21018   -5.76247   -4.52731   -3.74678   -3.35402   -0.83318   -0.20101   -0.01244
 kpt#  38, nband= 16, wtk=  1.00000, kpt=  0.1667  0.1667  0.0000 (reduced coord)
 -61.46275  -36.70160  -36.67568  -36.57056  -15.41531  -14.83740   -7.26890   -6.23689
  -6.11142   -5.65412   -4.40270   -3.65663   -3.36147   -0.85100   -0.24914   -0.10394
 kpt#  39, nband= 16, wtk=  1.00000, kpt=  0.1500  0.1500  0.0000 (reduced coord)
 -61.48253  -36.68209  -36.68013  -36.56029  -15.58216  -14.91405   -7.26617   -6.20494
  -5.89976   -5.47190   -4.35422   -3.58781   -3.31859   -0.82045   -0.27782   -0.18390
 kpt#  40, nband= 16, wtk=  1.00000, kpt=  0.1333  0.1333  0.0000 (reduced coord)
 -61.48666  -36.68672  -36.65240  -36.54927  -15.74191  -14.98741   -7.32173   -6.10216
  -5.72475   -5.22837   -4.38200   -3.54202   -3.22602   -0.75222   -0.27446   -0.24352
 kpt#  41, nband= 16, wtk=  1.00000, kpt=  0.1167  0.1167  0.0000 (reduced coord)
 -61.50446  -36.69631  -36.62684  -36.53940  -15.89202  -15.05618   -7.41986   -5.94580
  -5.56012   -4.96213   -4.46184   -3.52082   -3.10954   -0.65818   -0.27619   -0.23258
 kpt#  42, nband= 16, wtk=  1.00000, kpt=  0.1000  0.1000  0.0000 (reduced coord)
 -61.50478  -36.70256  -36.59695  -36.52925  -16.02826  -15.11881   -7.53736   -5.75840
  -5.38936   -4.70334   -4.56460   -3.52442   -2.99616   -0.54125   -0.27656   -0.15639
 kpt#  43, nband= 16, wtk=  1.00000, kpt=  0.0833  0.0833  0.0000 (reduced coord)
 -61.50246  -36.70664  -36.56813  -36.52172  -16.14773  -15.17390   -7.65607   -5.56103
  -5.20885   -4.67067   -4.47060   -3.55396   -2.90298   -0.40027   -0.24129   -0.06313
 kpt#  44, nband= 16, wtk=  1.00000, kpt=  0.0667  0.0667  0.0000 (reduced coord)
 -61.52192  -36.71306  -36.55048  -36.51658  -16.24953  -15.22086   -7.76614   -5.37168
  -5.02088   -4.76869   -4.27519   -3.60923   -2.83628   -0.23679   -0.17696    0.07249
 kpt#  45, nband= 16, wtk=  1.00000, kpt=  0.0500  0.0500  0.0000 (reduced coord)
 -61.52967  -36.71717  -36.53219  -36.51305  -16.33006  -15.25812   -7.85768   -5.20496
  -4.85020   -4.83071   -4.12332   -3.68911   -2.79319   -0.09509   -0.06181    0.12345
 kpt#  46, nband= 16, wtk=  1.00000, kpt=  0.0333  0.0333  0.0000 (reduced coord)
 -61.52291  -36.71666  -36.51679  -36.50917  -16.38840  -15.28507   -7.92585   -5.07364
  -4.91087   -4.64941   -4.01647   -3.78687   -2.76795    0.01661    0.09489    0.17045
 kpt#  47, nband= 16, wtk=  1.00000, kpt=  0.0167  0.0167  0.0000 (reduced coord)
 -61.52383  -36.71735  -36.50920  -36.50685  -16.42389  -15.30142   -7.96813   -4.98981
  -4.94817   -4.49960   -3.95363   -3.88498   -2.75559    0.05820    0.13579    0.19728
 kpt#  48, nband= 16, wtk=  1.00000, kpt=  0.0000  0.0000  0.0000 (reduced coord)
 -61.51240  -36.71383  -36.50509  -36.50509  -16.43480  -15.30646   -7.98186   -4.96052
  -4.96052   -4.43395   -3.93277   -3.93277   -2.75186    0.07686    0.09112    0.23599
