 Fermi (or HOMO) energy (hartree) =  -0.10163   Average Vxc (hartree)=  -0.14610
 Eigenvalues (hartree) for nkpt=  10  k points:
 kpt#   1, nband= 14, wtk=  0.01563, kpt=  0.0000  0.0000  0.5000 (reduced coord)
  -2.26502   -1.35316   -1.34519   -1.34519   -0.60448   -0.56278   -0.29444   -0.18419
  -0.18419   -0.16328   -0.14618   -0.14618   -0.10295    0.00260
 kpt#   2, nband= 14, wtk=  0.09375, kpt=  0.1250  0.0000  0.5000 (reduced coord)
  -2.26402   -1.35266   -1.34692   -1.34561   -0.59646   -0.55908   -0.28518   -0.20140
  -0.18855   -0.17574   -0.15830   -0.13462   -0.10681   -0.00886
 kpt#   3, nband= 14, wtk=  0.09375, kpt=  0.2500  0.0000  0.5000 (reduced coord)
  -2.26300   -1.35181   -1.35159   -1.34643   -0.57520   -0.54941   -0.27093   -0.22933
  -0.22329   -0.18115   -0.15476   -0.14565   -0.12504   -0.02480
 kpt#   4, nband= 14, wtk=  0.09375, kpt=  0.3750  0.0000  0.5000 (reduced coord)
  -2.26126   -1.35560   -1.35077   -1.34762   -0.55004   -0.53826   -0.28766   -0.25492
  -0.23513   -0.19904   -0.16140   -0.13432   -0.13006   -0.01304
 kpt#   5, nband= 14, wtk=  0.04688, kpt=  0.5000  0.0000  0.5000 (reduced coord)
  -2.26097   -1.35766   -1.35022   -1.34808   -0.53783   -0.53308   -0.30089   -0.26838
  -0.23971   -0.20553   -0.16659   -0.12683   -0.11933   -0.00522
 kpt#   6, nband= 14, wtk=  0.09375, kpt=  0.1250  0.1250  0.5000 (reduced coord)
  -2.26393   -1.35214   -1.35016   -1.34656   -0.58177   -0.55236   -0.27184   -0.22291
  -0.20836   -0.18860   -0.16383   -0.13004   -0.11839   -0.02731
 kpt#   7, nband= 14, wtk=  0.18750, kpt=  0.2500  0.1250  0.5000 (reduced coord)
  -2.26150   -1.35356   -1.35107   -1.34801   -0.55812   -0.54159   -0.27385   -0.24132
  -0.23012   -0.20843   -0.16274   -0.14405   -0.12524   -0.02955
 kpt#   8, nband= 14, wtk=  0.18750, kpt=  0.3750  0.1250  0.5000 (reduced coord)
  -2.26108   -1.35656   -1.35050   -1.34894   -0.53837   -0.53278   -0.29012   -0.26916
  -0.23496   -0.20859   -0.16271   -0.16263   -0.11284   -0.01856
 kpt#   9, nband= 14, wtk=  0.09375, kpt=  0.2500  0.2500  0.5000 (reduced coord)
  -2.26086   -1.35510   -1.35043   -1.35033   -0.53891   -0.53248   -0.27644   -0.26972
  -0.22324   -0.21246   -0.19837   -0.15708   -0.11441   -0.02187
 kpt#  10, nband= 14, wtk=  0.09375, kpt=  0.3750  0.2500  0.5000 (reduced coord)
  -2.26056   -1.35536   -1.35165   -1.35016   -0.53009   -0.52818   -0.28357   -0.27153
  -0.23331   -0.20975   -0.20400   -0.17178   -0.10163   -0.02731
