kpt#   1, nband= 32, wtk=  1.00000, kpt=  0.0000  0.0000  0.0000 (reduced coord)
 -62.76274  -62.76274  -38.47985  -38.47985  -36.05493  -36.05493  -35.90632  -35.90632
 -15.82878  -15.82878  -14.67663  -14.67663   -7.42037   -7.42037   -4.38152   -4.38152
  -4.31629   -4.31629   -3.85609   -3.85609   -3.36557   -3.36557   -3.27851   -3.27851
  -2.13168   -2.13168    0.62409    0.63469    0.70622    0.75115    0.81574    0.82176
 kpt#   2, nband= 32, wtk=  1.00000, kpt=  0.0294  0.0000  0.0000 (reduced coord)
 -62.76245  -62.76245  -38.48063  -38.48063  -36.05526  -36.05526  -35.90831  -35.90831
 -15.81633  -15.81633  -14.67088  -14.67088   -7.40523   -7.40523   -4.39714   -4.39714
  -4.31913   -4.31913   -3.91865   -3.91865   -3.36248   -3.36248   -3.25887   -3.25887
  -2.13573   -2.13573    0.61345    0.64932    0.69678    0.72172    0.79347    0.79831
 kpt#   3, nband= 32, wtk=  1.00000, kpt=  0.0588  0.0000  0.0000 (reduced coord)
 -62.76160  -62.76160  -38.48295  -38.48295  -36.05626  -36.05626  -35.91414  -35.91414
 -15.77922  -15.77922  -14.65373  -14.65373   -7.36048   -7.36048   -4.47529   -4.47529
  -4.29373   -4.29373   -4.06392   -4.06392   -3.40905   -3.40905   -3.18582   -3.18582
  -2.14931   -2.14931    0.57410    0.58536    0.66599    0.68586    0.75214    0.76821
 kpt#   4, nband= 32, wtk=  1.00000, kpt=  0.0882  0.0000  0.0000 (reduced coord)
 -62.76022  -62.76022  -38.48675  -38.48675  -36.05802  -36.05802  -35.92344  -35.92344
 -15.71813  -15.71813  -14.62551  -14.62551   -7.28815   -7.28815   -4.61238   -4.61238
  -4.26626   -4.26626   -4.21513   -4.21513   -3.50013   -3.50013   -3.11161   -3.11161
  -2.17669   -2.17669    0.47769    0.50247    0.52498    0.54371    0.69428    0.78274
 kpt#   5, nband= 32, wtk=  1.00000, kpt=  0.1176  0.0000  0.0000 (reduced coord)
 -62.75835  -62.75835  -38.49193  -38.49193  -36.06074  -36.06074  -35.93560  -35.93560
 -15.63422  -15.63422  -14.58675  -14.58675   -7.19203   -7.19203   -4.79028   -4.79028
  -4.45127   -4.45127   -4.14686   -4.14686   -3.61932   -3.61932   -3.07052   -3.07052
  -2.22428   -2.22428    0.32391    0.32830    0.44788    0.45134    0.61668    0.64149
 kpt#   6, nband= 32, wtk=  1.00000, kpt=  0.1471  0.0000  0.0000 (reduced coord)
 -62.75605  -62.75605  -38.49835  -38.49835  -36.06471  -36.06471  -35.94969  -35.94969
 -15.52912  -15.52912  -14.53824  -14.53824   -7.07824   -7.07824   -4.99377   -4.99377
  -4.66047   -4.66047   -4.04444   -4.04444   -3.75608   -3.75608   -3.07511   -3.07511
  -2.29855   -2.29855    0.17232    0.17345    0.42367    0.42500    0.52935    0.61923
 kpt#   7, nband= 32, wtk=  1.00000, kpt=  0.1765  0.0000  0.0000 (reduced coord)
 -62.75341  -62.75341  -38.50584  -38.50584  -36.07040  -36.07040  -35.96459  -35.96459
 -15.40496  -15.40496  -14.48103  -14.48103   -6.95673   -6.95673   -5.20738   -5.20738
  -4.87733   -4.87733   -3.93615   -3.93615   -3.89138   -3.89138   -3.12554   -3.12554
  -2.40251   -2.40251    0.05461    0.05477    0.41911    0.42470    0.46586    0.47140
 kpt#   8, nband= 32, wtk=  1.00000, kpt=  0.2059  0.0000  0.0000 (reduced coord)
 -62.75051  -62.75051  -38.51416  -38.51416  -36.07836  -36.07836  -35.97893  -35.97893
 -15.26439  -15.26439  -14.41642  -14.41642   -6.84329   -6.84329   -5.41316   -5.41316
  -5.09945   -5.09945   -4.05684   -4.05684   -3.78850   -3.78850   -3.21202   -3.21202
  -2.53135   -2.53135   -0.01600   -0.01598    0.34047    0.34164    0.53410    0.53482
 kpt#   9, nband= 32, wtk=  1.00000, kpt=  0.2353  0.0000  0.0000 (reduced coord)
 -62.74745  -62.74745  -38.52306  -38.52306  -36.08904  -36.08904  -35.99144  -35.99144
 -15.11066  -15.11066  -14.34606  -14.34606   -6.76277   -6.76277   -5.58852   -5.58852
  -5.32457   -5.32457   -4.20386   -4.20386   -3.65060   -3.65060   -3.31922   -3.31922
  -2.67091   -2.67091   -0.03786   -0.03784    0.26308    0.26320    0.65354    0.65599
 kpt#  10, nband= 32, wtk=  1.00000, kpt=  0.2647  0.0000  0.0000 (reduced coord)
 -62.74434  -62.74434  -38.53225  -38.53225  -36.10241  -36.10241  -36.00138  -36.00138
 -14.94764  -14.94764  -14.27189  -14.27189   -6.74678   -6.74678   -5.70831   -5.70831
  -5.54903   -5.54903   -4.34450   -4.34450   -3.52138   -3.52138   -3.42304   -3.42304
  -2.80001   -2.80001   -0.01723   -0.01701    0.20125    0.20419    0.80156    0.83421
 kpt#  11, nband= 32, wtk=  1.00000, kpt=  0.2941  0.0000  0.0000 (reduced coord)
 -62.74127  -62.74127  -38.54143  -38.54143  -36.11768  -36.11768  -36.00869  -36.00869
 -14.77996  -14.77996  -14.19620  -14.19620   -6.81220   -6.81220   -5.78548   -5.78548
  -5.74643   -5.74643   -4.47494   -4.47494   -3.55890   -3.55890   -3.36090   -3.36090
  -2.89569   -2.89569    0.03404    0.03404    0.16224    0.16224    0.96344    0.96447
 kpt#  12, nband= 32, wtk=  1.00000, kpt=  0.3235  0.0000  0.0000 (reduced coord)
 -62.73836  -62.73836  -38.55026  -38.55026  -36.13369  -36.13369  -36.01384  -36.01384
 -14.61302  -14.61302  -14.12161  -14.12161   -6.94004   -6.94004   -5.98429   -5.98429
  -5.77215   -5.77215   -4.59239   -4.59239   -3.65582   -3.65582   -3.23937   -3.23937
  -2.93989   -2.93989    0.08660    0.08661    0.16802    0.16802    1.12564    1.12916
 kpt#  13, nband= 32, wtk=  1.00000, kpt=  0.3529  0.0000  0.0000 (reduced coord)
 -62.73571  -62.73571  -38.55841  -38.55841  -36.14920  -36.14920  -36.01739  -36.01739
 -14.45305  -14.45305  -14.05101  -14.05101   -7.09557   -7.09557   -6.17725   -6.17725
  -5.78091   -5.78091   -4.69468   -4.69468   -3.74024   -3.74024   -3.13148   -3.13148
  -2.92649   -2.92649    0.10437    0.10439    0.24553    0.24553    1.27758    1.28760
 kpt#  14, nband= 32, wtk=  1.00000, kpt=  0.3824  0.0000  0.0000 (reduced coord)
 -62.73340  -62.73340  -38.56559  -38.56559  -36.16317  -36.16317  -36.01980  -36.01980
 -14.30706  -14.30706  -13.98745  -13.98745   -7.25166   -7.25166   -6.34713   -6.34713
  -5.79948   -5.79948   -4.78024   -4.78024   -3.80860   -3.80860   -3.04051   -3.04051
  -2.86675   -2.86675    0.12049    0.12055    0.34972    0.34977    1.40821    1.62325
 kpt#  15, nband= 32, wtk=  1.00000, kpt=  0.4118  0.0000  0.0000 (reduced coord)
 -62.73152  -62.73152  -38.57149  -38.57149  -36.17480  -36.17480  -36.02140  -36.02140
 -14.18250  -14.18250  -13.93399  -13.93399   -7.39025   -7.39025   -6.48708   -6.48708
  -5.82745   -5.82745   -4.84792   -4.84792   -3.86061   -3.86061   -2.96679   -2.96679
  -2.78330   -2.78330    0.14344    0.14347    0.45687    0.45698    1.51193    1.68384
 kpt#  16, nband= 32, wtk=  1.00000, kpt=  0.4412  0.0000  0.0000 (reduced coord)
 -62.73013  -62.73013  -38.57589  -38.57589  -36.18351  -36.18351  -36.02242  -36.02242
 -14.08676  -14.08676  -13.89347  -13.89347   -7.49861   -7.49861   -6.59144   -6.59144
  -5.85653   -5.85653   -4.89684   -4.89684   -3.89688   -3.89688   -2.91314   -2.91314
  -2.69980   -2.69980    0.16773    0.16774    0.55264    0.55266    1.58411    1.59315
 kpt#  17, nband= 32, wtk=  1.00000, kpt=  0.4706  0.0000  0.0000 (reduced coord)
 -62.72927  -62.72927  -38.57861  -38.57861  -36.18889  -36.18889  -36.02298  -36.02298
 -14.02629  -14.02629  -13.86816  -13.86816   -7.56756   -7.56756   -6.65591   -6.65591
  -5.87793   -5.87793   -4.92642   -4.92642   -3.91822   -3.91822   -2.88114   -2.88114
  -2.63860   -2.63860    0.18604    0.18605    0.62085    0.62096    1.63084    1.65168
 kpt#  18, nband= 32, wtk=  1.00000, kpt=  0.5000  0.0000  0.0000 (reduced coord)
 -62.72898  -62.72898  -38.57953  -38.57953  -36.19070  -36.19070  -36.02316  -36.02316
 -14.00559  -14.00559  -13.85955  -13.85955   -7.59121   -7.59121   -6.67771   -6.67771
  -5.88573   -5.88573   -4.93632   -4.93632   -3.92525   -3.92525   -2.87057   -2.87057
  -2.61617   -2.61617    0.19282    0.19284    0.64597    0.64667    1.64158    1.76979
 kpt#  19, nband= 32, wtk=  1.00000, kpt=  0.4833  0.0333  0.0000 (reduced coord)
 -62.72889  -62.72889  -38.58118  -38.57824  -36.19187  -36.18847  -36.02497  -36.02411
 -14.00492  -13.99565  -13.85643  -13.85580   -7.57818   -7.57258   -6.68674   -6.68489
  -5.88227   -5.87744   -4.94770   -4.94522   -3.92264   -3.91907   -3.03052   -2.95729
  -2.59075   -2.50538    0.18607    0.20732    0.62872    0.67682    1.66265    1.82852
 kpt#  20, nband= 32, wtk=  1.00000, kpt=  0.4667  0.0667  0.0000 (reduced coord)
 -62.72862  -62.72862  -38.58315  -38.57734  -36.19203  -36.18514  -36.02934  -36.02781
 -13.99387  -13.97551  -13.84665  -13.84542   -7.53379   -7.52265   -6.71225   -6.70861
  -5.86752   -5.85808   -4.97463   -4.96911   -3.91414   -3.90844   -3.28458   -3.20738
  -2.50364   -2.40248    0.18124    0.22255    0.62951    0.72195    1.73192    1.81372
 kpt#  21, nband= 32, wtk=  1.00000, kpt=  0.4500  0.1000  0.0000 (reduced coord)
 -62.72820  -62.72820  -38.58536  -38.57684  -36.19132  -36.18078  -36.03586  -36.03407
 -13.97335  -13.94631  -13.83095  -13.82916   -7.45909   -7.44256   -6.75452   -6.74925
  -5.84322   -5.82970   -5.00551   -4.99627   -3.90800   -3.90351   -3.58995   -3.51862
  -2.43458   -2.32671    0.16619    0.22034    0.65895    0.78520    1.67236    1.77050
 kpt#  22, nband= 32, wtk=  1.00000, kpt=  0.4333  0.1333  0.0000 (reduced coord)
 -62.72765  -62.72765  -38.58773  -38.57671  -36.18994  -36.17547  -36.04396  -36.04249
 -13.94495  -13.90982  -13.81050  -13.80820   -7.35576   -7.33404   -6.81257   -6.80599
  -5.81189   -5.79532   -5.02767   -5.01430   -3.96620   -3.92237   -3.87449   -3.85590
  -2.37961   -2.26690    0.12994    0.18493    0.72593    0.87153    1.43876    1.51970
 kpt#  23, nband= 32, wtk=  1.00000, kpt=  0.4167  0.1667  0.0000 (reduced coord)
 -62.72702  -62.72702  -38.59015  -38.57693  -36.18816  -36.16939  -36.05288  -36.05254
 -13.91092  -13.86850  -13.78693  -13.78421   -7.22635   -7.19970   -6.88284   -6.87549
  -5.77750   -5.75967   -5.03216   -5.01473   -4.30199   -4.23691   -3.92729   -3.92047
  -2.32755   -2.21021    0.06855    0.11557    0.81850    0.97188    1.24266    1.26888
 kpt#  24, nband= 32, wtk=  1.00000, kpt=  0.4000  0.2000  0.0000 (reduced coord)
 -62.72637  -62.72637  -38.59250  -38.57741  -36.18629  -36.16280  -36.06349  -36.06178
 -13.87414  -13.82542  -13.76225  -13.75922   -7.07494   -7.04326   -6.95832   -6.95121
  -5.74537   -5.72973   -5.01557   -4.99576   -4.65350   -4.60099   -3.96705   -3.96594
  -2.27011   -2.14736   -0.01445    0.02113    0.92217    1.05582    1.11349    1.11620
 kpt#  25, nband= 32, wtk=  1.00000, kpt=  0.3833  0.2333  0.0000 (reduced coord)
 -62.72576  -62.72576  -38.59462  -38.57805  -36.18470  -36.15611  -36.07441  -36.06972
 -13.83808  -13.78427  -13.73879  -13.73559   -7.03522   -7.02579   -6.90183   -6.86875
  -5.72479   -5.71865   -5.01517   -4.98138   -4.94151   -4.91957   -4.02778   -4.02231
  -2.20492   -2.07545   -0.10958   -0.08628    0.94116    0.94796    1.07588    1.20400
 kpt#  26, nband= 32, wtk=  1.00000, kpt=  0.3667  0.2667  0.0000 (reduced coord)
 -62.72524  -62.72524  -38.59636  -38.57871  -36.18367  -36.14999  -36.08412  -36.07588
 -13.80676  -13.74921  -13.71905  -13.71581   -7.09708   -7.08844   -6.72310   -6.68686
  -5.75693   -5.73789   -5.24385   -5.22394   -4.93346   -4.89016   -4.09831   -4.08534
  -2.13766   -2.00039   -0.20211   -0.19061    0.85495    0.88067    1.15901    1.30266
 kpt#  27, nband= 32, wtk=  1.00000, kpt=  0.3500  0.3000  0.0000 (reduced coord)
 -62.72489  -62.72489  -38.59753  -38.57924  -36.18326  -36.14554  -36.09105  -36.07967
 -13.78459  -13.72480  -13.70555  -13.70236   -7.13965   -7.13129   -6.55642   -6.51957
  -5.87061   -5.81907   -5.38064   -5.36533   -4.89062   -4.84259   -4.16058   -4.14032
  -2.08272   -1.93830   -0.27244   -0.27034    0.80705    0.83672    1.22598    1.37159
 kpt#  28, nband= 32, wtk=  1.00000, kpt=  0.3333  0.3333  0.0000 (reduced coord)
 -62.72476  -62.72476  -38.59796  -38.57946  -36.18324  -36.14395  -36.09355  -36.08090
 -13.77620  -13.71567  -13.70060  -13.69746   -7.15518   -7.14692   -6.47382   -6.43789
  -5.95167   -5.88968   -5.41619   -5.39097   -4.87179   -4.82087   -4.18770   -4.16392
  -2.06020   -1.91266   -0.30129   -0.29960    0.79274    0.82376    1.25207    1.39877
 kpt#  29, nband= 32, wtk=  1.00000, kpt=  0.3167  0.3167  0.0000 (reduced coord)
 -62.72491  -62.72490  -38.59747  -38.57918  -36.18303  -36.14518  -36.09129  -36.07979
 -13.78596  -13.72616  -13.70608  -13.70287   -7.13809   -7.12971   -6.55035   -6.51475
  -5.86496   -5.80835   -5.39535   -5.37609   -4.89327   -4.84555   -4.15649   -4.13651
  -2.08588   -1.94172   -0.27100   -0.26890    0.80391    0.83338    1.22288    1.36811
 kpt#  30, nband= 32, wtk=  1.00000, kpt=  0.3000  0.3000  0.0000 (reduced coord)
 -62.72538  -62.72538  -38.59593  -38.57822  -36.18195  -36.14754  -36.08567  -36.07679
 -13.81746  -13.75985  -13.72319  -13.71986   -7.08467   -7.07590   -6.68598   -6.65493
  -5.69806   -5.65561   -5.33216   -5.33188   -4.95074   -4.90929   -4.07070   -4.05897
  -2.16007   -2.02426   -0.19334   -0.18251    0.83005    0.85369    1.13570    1.27566
 kpt#  31, nband= 32, wtk=  1.00000, kpt=  0.2833  0.2833  0.0000 (reduced coord)
 -62.72620  -62.72620  -38.59321  -38.57642  -36.17933  -36.14925  -36.07825  -36.07239
 -13.87299  -13.81901  -13.75245  -13.74903   -6.99304   -6.98356   -6.80298   -6.77952
  -5.55861   -5.54213   -5.23349   -5.19703   -5.02470   -4.98702   -3.95055   -3.94722
  -2.26802   -2.14181   -0.09150   -0.07294    0.85971    0.86653    1.00682    1.13236
 kpt#  32, nband= 32, wtk=  1.00000, kpt=  0.2667  0.2667  0.0000 (reduced coord)
 -62.72741  -62.72741  -38.58924  -38.57366  -36.17469  -36.14923  -36.06999  -36.06703
 -13.95333  -13.90420  -13.79356  -13.79021   -6.88060   -6.86648   -6.86211   -6.85120
  -5.49585   -5.49343   -5.10786   -5.10609   -5.01101   -4.98654   -3.81684   -3.81290
  -2.38976   -2.27196    0.00163    0.01996    0.80096    0.87824    0.91827    0.95342
 kpt#  33, nband= 32, wtk=  1.00000, kpt=  0.2500  0.2500  0.0000 (reduced coord)
 -62.72899  -62.72899  -38.58400  -38.56986  -36.16779  -36.14696  -36.06137  -36.06101
 -14.05756  -14.01416  -13.84554  -13.84242   -6.91121   -6.90619   -6.69631   -6.68425
  -5.48609   -5.48409   -5.16725   -5.14788   -4.81555   -4.75738   -3.67891   -3.66868
  -2.50777   -2.39661    0.05326    0.05458    0.66696    0.77455    0.87860    0.88907
 kpt#  34, nband= 32, wtk=  1.00000, kpt=  0.2333  0.2333  0.0000 (reduced coord)
 -62.73095  -62.73094  -38.57755  -38.56499  -36.15861  -36.14228  -36.05450  -36.05260
 -14.18316  -14.14591  -13.90686  -13.90406   -6.90369   -6.89940   -6.49633   -6.48225
  -5.50856   -5.50274   -5.21060   -5.18961   -4.58832   -4.52157   -3.54139   -3.52550
  -2.61012   -2.50422    0.00516    0.03886    0.57067    0.63063    0.84202    0.84982
 kpt#  35, nband= 32, wtk=  1.00000, kpt=  0.2167  0.2167  0.0000 (reduced coord)
 -62.73324  -62.73324  -38.57001  -38.55912  -36.14736  -36.13532  -36.04753  -36.04372
 -14.32631  -14.29523  -13.97559  -13.97319   -6.86408   -6.85116   -6.26806   -6.25128
  -5.55542   -5.54528   -5.22825   -5.20624   -4.36520   -4.29251   -3.41040   -3.38921
  -2.69148   -2.59018   -0.10013   -0.03559    0.51141    0.53101    0.77013    0.79425
 kpt#  36, nband= 32, wtk=  1.00000, kpt=  0.2000  0.2000  0.0000 (reduced coord)
 -62.73584  -62.73584  -38.56154  -38.55234  -36.13451  -36.12642  -36.03997  -36.03463
 -14.48234  -14.45712  -14.04959  -14.04760   -6.79865   -6.77838   -6.01912   -5.99884
  -5.61748   -5.60388   -5.21434   -5.19078   -4.15846   -4.08047   -3.29090   -3.26453
  -2.75102   -2.65462   -0.20446   -0.12696    0.45731    0.45948    0.68022    0.71843
 kpt#  37, nband= 32, wtk=  1.00000, kpt=  0.1833  0.1833  0.0000 (reduced coord)
 -62.73867  -62.73867  -38.55237  -38.54481  -36.12074  -36.11611  -36.03152  -36.02508
 -14.64622  -14.62633  -14.12667  -14.12508   -6.72610   -6.70081   -5.76174   -5.73813
  -5.67613   -5.66012   -5.16058   -5.13487   -3.98202   -3.90006   -3.18687   -3.15530
  -2.78628   -2.69676   -0.27036   -0.19333    0.39435    0.40553    0.58580    0.63362
 kpt#  38, nband= 32, wtk=  1.00000, kpt=  0.1667  0.1667  0.0000 (reduced coord)
 -62.74167  -62.74167  -38.54276  -38.53675  -36.10701  -36.10516  -36.02173  -36.01475
 -14.81296  -14.79775  -14.20468  -14.20345   -6.67532   -6.64932   -5.70092   -5.68882
  -5.51488   -5.48677   -5.05108   -5.02477   -3.85584   -3.77479   -3.10109   -3.06476
  -2.78539   -2.70773   -0.28370   -0.21538    0.33946    0.35305    0.48950    0.54817
 kpt#  39, nband= 32, wtk=  1.00000, kpt=  0.1500  0.1500  0.0000 (reduced coord)
 -62.74477  -62.74477  -38.53300  -38.52839  -36.09438  -36.09434  -36.01016  -36.00332
 -14.97786  -14.96660  -14.28157  -14.28065   -6.67727   -6.65584   -5.65687   -5.65120
  -5.30270   -5.27869   -4.86592   -4.84575   -3.79979   -3.72826   -3.03489   -2.99591
  -2.73219   -2.67282   -0.24679   -0.19274    0.30547    0.31654    0.40908    0.47476
 kpt#  40, nband= 32, wtk=  1.00000, kpt=  0.1333  0.1333  0.0000 (reduced coord)
 -62.74787  -62.74787  -38.52338  -38.52000  -36.08457  -36.08356  -35.99659  -35.99057
 -15.13662  -15.12862  -14.35545  -14.35480   -6.74008   -6.72544   -5.54010   -5.53791
  -5.12414   -5.10850   -4.61822   -4.60864   -3.81588   -3.75914   -2.98963   -2.95098
  -2.63024   -2.59088   -0.17148   -0.13574    0.30142    0.30382    0.35538    0.42333
 kpt#  41, nband= 32, wtk=  1.00000, kpt=  0.1167  0.1167  0.0000 (reduced coord)
 -62.75088  -62.75088  -38.51420  -38.51185  -36.07623  -36.07500  -35.98137  -35.97664
 -15.28546  -15.28005  -14.42463  -14.42419   -6.84446   -6.83547   -5.37425   -5.36630
  -4.95677   -4.94800   -4.34889   -4.34844   -3.88351   -3.84038   -2.96701   -2.93036
  -2.50610   -2.48303   -0.07022   -0.05433    0.29684    0.32585    0.36289    0.41240
 kpt#  42, nband= 32, wtk=  1.00000, kpt=  0.1000  0.1000  0.0000 (reduced coord)
 -62.75371  -62.75371  -38.50571  -38.50418  -36.06954  -36.06851  -35.96535  -35.96204
 -15.42106  -15.41762  -14.48761  -14.48733   -6.96640   -6.96122   -5.17891   -5.16793
  -4.78535   -4.78141   -4.09528   -4.08817   -3.97540   -3.94335   -2.96768   -2.93413
  -2.38723   -2.37523    0.05001    0.05102    0.30007    0.34886    0.42345    0.45745
 kpt#  43, nband= 32, wtk=  1.00000, kpt=  0.0833  0.0833  0.0000 (reduced coord)
 -62.75628  -62.75628  -38.49816  -38.49725  -36.06442  -36.06372  -35.94962  -35.94756
 -15.54059  -15.53859  -14.54309  -14.54293   -7.08862   -7.08584   -4.97489   -4.96315
  -4.60572   -4.60553   -4.07698   -4.05023   -3.86246   -3.85277   -2.99188   -2.96260
  -2.29003   -2.28464    0.17994    0.19326    0.33425    0.39148    0.51199    0.54139
 kpt#  44, nband= 32, wtk=  1.00000, kpt=  0.0667  0.0667  0.0000 (reduced coord)
 -62.75850  -62.75850  -38.49174  -38.49127  -36.06064  -36.06025  -35.93523  -35.93413
 -15.64167  -15.64064  -14.58998  -14.58990   -7.19999   -7.19864   -4.77921   -4.76838
  -4.42375   -4.42007   -4.16754   -4.14561   -3.66946   -3.65709   -3.03936   -3.01551
  -2.22002   -2.21803    0.33222    0.36062    0.41993    0.47496    0.64729    0.72312
 kpt#  45, nband= 32, wtk=  1.00000, kpt=  0.0500  0.0500  0.0000 (reduced coord)
 -62.76031  -62.76031  -38.48661  -38.48640  -36.05798  -36.05781  -35.92310  -35.92262
 -15.72234  -15.72191  -14.62737  -14.62734   -7.29302   -7.29248   -4.60720   -4.59843
  -4.26498   -4.25143   -4.22571   -4.20050   -3.51904   -3.50672   -3.10827   -3.09064
  -2.17482   -2.17426    0.47716    0.48308    0.53813    0.58754    0.70147    0.74683
 kpt#  46, nband= 32, wtk=  1.00000, kpt=  0.0333  0.0333  0.0000 (reduced coord)
 -62.76164  -62.76164  -38.48287  -38.48281  -36.05623  -36.05618  -35.91393  -35.91379
 -15.78109  -15.78096  -14.65457  -14.65456   -7.36271   -7.36256   -4.47394   -4.46812
  -4.29801   -4.29301   -4.05784   -4.05635   -3.41486   -3.40536   -3.19120   -3.18016
  -2.14863   -2.14853    0.56744    0.60320    0.66148    0.69870    0.74519    0.78422
 kpt#  47, nband= 32, wtk=  1.00000, kpt=  0.0167  0.0167  0.0000 (reduced coord)
 -62.76246  -62.76246  -38.48061  -38.48060  -36.05525  -36.05524  -35.90824  -35.90823
 -15.81679  -15.81678  -14.67109  -14.67109   -7.40579   -7.40577   -4.39724   -4.39549
  -4.32010   -4.31840   -3.91655   -3.91649   -3.36403   -3.36065   -3.26144   -3.25791
  -2.13558   -2.13558    0.64129    0.64830    0.69803    0.72750    0.78592    0.80388
 kpt#  48, nband= 32, wtk=  1.00000, kpt=  0.0000  0.0000  0.0000 (reduced coord)
 -62.76274  -62.76274  -38.47985  -38.47985  -36.05493  -36.05493  -35.90632  -35.90632
 -15.82878  -15.82878  -14.67663  -14.67663   -7.42037   -7.42037   -4.38152   -4.38152
  -4.31629   -4.31629   -3.85609   -3.85609   -3.36557   -3.36557   -3.27851   -3.27851
  -2.13168   -2.13168    0.62409    0.63469    0.70622    0.75115    0.81574    0.82176