kpt#   1, nband= 16, wtk=  1.00000, kpt=  0.0000  0.0000  0.0000 (reduced coord)
 -18.19401  -17.08745   -9.70203   -6.67749   -6.67749   -6.04193   -5.57497   -5.57497
  -4.44337   -1.51170   -1.51170   -1.39947   -1.39947    1.17157    1.51939    2.01485
 kpt#   2, nband= 16, wtk=  1.00000, kpt=  0.0294  0.0000  0.0000 (reduced coord)
 -18.18181  -17.08106   -9.68712   -6.70713   -6.66430   -6.11245   -5.59679   -5.52329
  -4.44762   -1.53939   -1.49175   -1.44237   -1.41316    1.20251    1.53657    2.04536
 kpt#   3, nband= 16, wtk=  1.00000, kpt=  0.0588  0.0000  0.0000 (reduced coord)
 -18.14555  -17.06148   -9.64268   -6.79270   -6.62404   -6.26925   -5.65823   -5.42352
  -4.46136   -1.61024   -1.55867   -1.46096   -1.42475    1.28593    1.58763    2.13021
 kpt#   4, nband= 16, wtk=  1.00000, kpt=  0.0882  0.0000  0.0000 (reduced coord)
 -18.08576  -17.02926   -9.57067   -6.92751   -6.55766   -6.45939   -5.75402   -5.33583
  -4.48857   -1.72847   -1.69166   -1.52160   -1.33488    1.40406    1.67142    2.25321
 kpt#   5, nband= 16, wtk=  1.00000, kpt=  0.1176  0.0000  0.0000 (reduced coord)
 -18.00354  -16.98506   -9.47506   -7.09999   -6.66522   -6.46810   -5.87644   -5.28598
  -4.53672   -1.90288   -1.76901   -1.60399   -1.21806    1.54463    1.78654    2.40008
 kpt#   6, nband= 16, wtk=  1.00000, kpt=  0.1471  0.0000  0.0000 (reduced coord)
 -17.90025  -16.92943   -9.36163   -7.29768   -6.88018   -6.35612   -6.01656   -5.28482
  -4.61060   -2.06436   -1.80332   -1.69713   -1.08626    1.70339    1.93167    2.56591
 kpt#   7, nband= 16, wtk=  1.00000, kpt=  0.1765  0.0000  0.0000 (reduced coord)
 -17.77808  -16.86408   -9.24083   -7.50624   -7.10300   -6.22804   -6.16573   -5.33344
  -4.71573   -2.19050   -1.79601   -1.78441   -0.95028    1.87908    2.10509    2.75111
 kpt#   8, nband= 16, wtk=  1.00000, kpt=  0.2059  0.0000  0.0000 (reduced coord)
 -17.63926  -16.78993   -9.12837   -7.70683   -7.33122   -6.32115   -6.08278   -5.42097
  -4.84596   -2.26759   -1.89263   -1.70829   -0.81723    2.07072    2.30475    2.95700
 kpt#   9, nband= 16, wtk=  1.00000, kpt=  0.2353  0.0000  0.0000 (reduced coord)
 -17.48694  -16.70911   -9.04947   -7.87748   -7.56357   -6.47162   -5.93031   -5.53251
  -4.98778   -2.29440   -1.98103   -1.58534   -0.69223    2.27532    2.52731    3.18336
 kpt#  10, nband= 16, wtk=  1.00000, kpt=  0.2647  0.0000  0.0000 (reduced coord)
 -17.32501  -16.62366   -9.03575   -7.99310   -7.79759   -6.61524   -5.77453   -5.65247
  -5.11952   -2.27631   -2.05668   -1.43111   -0.57922    2.48726    2.76741    3.42570
 kpt#  11, nband= 16, wtk=  1.00000, kpt=  0.2941  0.0000  0.0000 (reduced coord)
 -17.15802  -16.53620   -9.10329   -8.04988   -8.02352   -6.74857   -5.76860   -5.62254
  -5.21844   -2.22190   -2.11530   -1.25740   -0.48136    2.69729    3.01540    3.63017
 kpt#  12, nband= 16, wtk=  1.00000, kpt=  0.3235  0.0000  0.0000 (reduced coord)
 -16.99141  -16.44995   -9.23313   -8.25041   -8.05933   -6.86902   -5.87326   -5.47977
  -5.26612   -2.15534   -2.14375   -1.07932   -0.39999    2.88160    3.25130    3.45065
 kpt#  13, nband= 16, wtk=  1.00000, kpt=  0.3529  0.0000  0.0000 (reduced coord)
 -16.83130  -16.36796   -9.39015   -8.45383   -8.07068   -6.97392   -5.96197   -5.35209
  -5.25513   -2.17571   -2.04828   -0.90772   -0.33358    2.89819    3.25523    3.43527
 kpt#  14, nband= 16, wtk=  1.00000, kpt=  0.3824  0.0000  0.0000 (reduced coord)
 -16.68499  -16.29392   -9.54793   -8.63393   -8.09312   -7.06209   -6.03373   -5.24428
  -5.19466   -2.17952   -1.94434   -0.75568   -0.28179    2.58704    3.35084    3.51750
 kpt#  15, nband= 16, wtk=  1.00000, kpt=  0.4118  0.0000  0.0000 (reduced coord)
 -16.56003  -16.23137   -9.68838   -8.78250   -8.12519   -7.13197   -6.08843   -5.15983
  -5.10666   -2.17327   -1.84130   -0.62955   -0.24352    2.23910    3.48688    3.52144
 kpt#  16, nband= 16, wtk=  1.00000, kpt=  0.4412  0.0000  0.0000 (reduced coord)
 -16.46384  -16.18364   -9.79817   -8.89347   -8.15758   -7.18249   -6.12648   -5.09931
  -5.01736   -2.16061   -1.74933   -0.53632   -0.21704    1.94683    3.50530    3.60513
 kpt#  17, nband= 16, wtk=  1.00000, kpt=  0.4706  0.0000  0.0000 (reduced coord)
 -16.40327  -16.15390   -9.86830   -8.96241   -8.18114   -7.21280   -6.14888   -5.06335
  -4.95212   -2.15058   -1.68573   -0.47986   -0.20156    1.75083    3.49464    3.68516
 kpt#  18, nband= 16, wtk=  1.00000, kpt=  0.5000  0.0000  0.0000 (reduced coord)
 -16.38249  -16.14366   -9.89217   -8.98567   -8.18978   -7.22308   -6.15629   -5.05157
  -4.92811   -2.14726   -1.66122   -0.46055   -0.19658    1.68196    3.49186    3.71439
 kpt#  19, nband= 16, wtk=  1.00000, kpt=  0.4833  0.0333  0.0000 (reduced coord)
 -16.37737  -16.13986   -9.87633   -8.99327   -8.18394   -7.23297   -6.15278   -5.21237
  -4.82514   -2.14032   -1.65532   -0.43930   -0.24972    1.70145    3.58148    3.77139
 kpt#  20, nband= 16, wtk=  1.00000, kpt=  0.4667  0.0667  0.0000 (reduced coord)
 -16.36210  -16.12870   -9.82876   -9.01637   -8.16632   -7.25668   -6.14550   -5.47751
  -4.72425   -2.12630   -1.63154   -0.42305   -0.34520    1.75667    3.83231    3.93816
 kpt#  21, nband= 16, wtk=  1.00000, kpt=  0.4500  0.1000  0.0000 (reduced coord)
 -16.33806  -16.11093   -9.75083   -9.05536   -8.13991   -7.28444   -6.14148   -5.79534
  -4.65512   -2.12456   -1.58430   -0.60460   -0.25931    1.84121    4.18957    4.21159
 kpt#  22, nband= 16, wtk=  1.00000, kpt=  0.4333  0.1333  0.0000 (reduced coord)
 -16.30631  -16.08792   -9.64390   -9.10986   -8.10665   -7.30395   -6.15910   -6.13803
  -4.60207   -2.14797   -1.50430   -0.81691   -0.13108    1.94834    4.51173    4.60423
 kpt#  23, nband= 16, wtk=  1.00000, kpt=  0.4167  0.1667  0.0000 (reduced coord)
 -16.26955  -16.06144   -9.51054   -9.17683   -8.07127   -7.30726   -6.52081   -6.17155
  -4.55282   -2.20307   -1.39698   -1.01917    0.01141    2.07423    4.73304    4.78348
 kpt#  24, nband= 16, wtk=  1.00000, kpt=  0.4000  0.2000  0.0000 (reduced coord)
 -16.23070  -16.03386   -9.35459   -9.24979   -8.03960   -7.29044   -6.89101   -6.21422
  -4.49807   -2.28279   -1.27423   -1.19256    0.15211    2.21693    4.40837    4.87912
 kpt#  25, nband= 16, wtk=  1.00000, kpt=  0.3833  0.2333  0.0000 (reduced coord)
 -16.19307  -16.00735   -9.32464   -9.17649   -8.02224   -7.25605   -7.23506   -6.27282
  -4.43463   -2.37733   -1.32582   -1.15079    0.27746    2.37608    3.98097    4.97437
 kpt#  26, nband= 16, wtk=  1.00000, kpt=  0.3667  0.2667  0.0000 (reduced coord)
 -16.16071  -15.98499   -9.38582   -8.99072   -8.04602   -7.51508   -7.20825   -6.33851
  -4.36839   -2.46898   -1.41613   -1.04164    0.37482    2.54848    3.58604    5.06344
 kpt#  27, nband= 16, wtk=  1.00000, kpt=  0.3500  0.3000  0.0000 (reduced coord)
 -16.13781  -15.96945   -9.42779   -8.81464   -8.14729   -7.66294   -7.16547   -6.39491
  -4.31323   -2.53908   -1.46484   -0.96289    0.43636    2.72709    3.25977    5.13362
 kpt#  28, nband= 16, wtk=  1.00000, kpt=  0.3333  0.3333  0.0000 (reduced coord)
 -16.12920  -15.96377   -9.44324   -8.72421   -8.23105   -7.69531   -7.14677   -6.41897
  -4.29084   -2.56658   -1.47917   -0.93340    0.45675    2.84349    3.08986    5.16214
 kpt#  29, nband= 16, wtk=  1.00000, kpt=  0.3167  0.3167  0.0000 (reduced coord)
 -16.13914  -15.97008   -9.42607   -8.80968   -8.13729   -7.67716   -7.16799   -6.39119
  -4.31664   -2.53744   -1.46795   -0.96660    0.43781    2.76422    3.22701    5.12827
 kpt#  30, nband= 16, wtk=  1.00000, kpt=  0.3000  0.3000  0.0000 (reduced coord)
 -16.17141  -15.98993   -9.37219   -8.95818   -7.96229   -7.62490   -7.22479   -6.31253
  -4.39193   -2.45898   -1.44171   -1.06735    0.38562    2.71419    3.45264    5.02415
 kpt#  31, nband= 16, wtk=  1.00000, kpt=  0.2833  0.2833  0.0000 (reduced coord)
 -16.22823  -16.02382   -9.27913   -9.08609   -7.82249   -7.50816   -7.29818   -6.19827
  -4.50151   -2.35518   -1.41189   -1.22626    0.31199    2.75014    3.69999    4.85943
 kpt#  32, nband= 16, wtk=  1.00000, kpt=  0.2667  0.2667  0.0000 (reduced coord)
 -16.31046  -16.07162   -9.17673   -9.14172   -7.76098   -7.37416   -7.30848   -6.06441
  -4.62437   -2.25938   -1.41583   -1.39170    0.22686    2.86178    3.94119    4.64771
 kpt#  33, nband= 16, wtk=  1.00000, kpt=  0.2500  0.2500  0.0000 (reduced coord)
 -16.41707  -16.13162   -9.21251   -8.97399   -7.74842   -7.43343   -7.07826   -5.92187
  -4.74346   -2.20816   -1.59495   -1.39282    0.14116    3.03000    4.08945    4.40311
 kpt#  34, nband= 16, wtk=  1.00000, kpt=  0.2333  0.2333  0.0000 (reduced coord)
 -16.54527  -16.20228   -9.20656   -8.76801   -7.76712   -7.47339   -6.84038   -5.77870
  -4.84734   -2.23624   -1.72359   -1.42062    0.06133    3.22856    4.01207    4.13484
 kpt#  35, nband= 16, wtk=  1.00000, kpt=  0.2167  0.2167  0.0000 (reduced coord)
 -16.69112  -16.28191   -9.16301   -8.53225   -7.81162   -7.48802   -6.60930   -5.64139
  -4.93286   -2.33307   -1.79288   -1.47772   -0.01588    3.38696    3.84251    3.85744
 kpt#  36, nband= 16, wtk=  1.00000, kpt=  0.2000  0.2000  0.0000 (reduced coord)
 -16.84983  -16.36754   -9.09354   -8.27367   -7.87342   -7.47160   -6.39517   -5.51469
  -5.00010   -2.43842   -1.83962   -1.55682   -0.09645    3.30049    3.56479    3.90650
 kpt#  37, nband= 16, wtk=  1.00000, kpt=  0.1833  0.1833  0.0000 (reduced coord)
 -17.01574  -16.45636   -9.01640   -8.00406   -7.93449   -7.41663   -6.21183   -5.40278
  -5.04616   -2.50521   -1.88054   -1.64726   -0.18778    3.05371    3.28023    4.05940
 kpt#  38, nband= 16, wtk=  1.00000, kpt=  0.1667  0.1667  0.0000 (reduced coord)
 -17.18407  -16.54629   -8.96135   -7.96643   -7.74288   -7.30966   -6.08390   -5.30925
  -5.05976   -2.51941   -1.91882   -1.73749   -0.29768    2.78806    3.00486    3.74093
 kpt#  39, nband= 16, wtk=  1.00000, kpt=  0.1500  0.1500  0.0000 (reduced coord)
 -17.34987  -16.63497   -8.96024   -7.93360   -7.52131   -7.12912   -6.03616   -5.23677
  -5.02066   -2.48409   -1.93903   -1.81677   -0.42718    2.53180    2.74397    3.45069
 kpt#  40, nband= 16, wtk=  1.00000, kpt=  0.1333  0.1333  0.0000 (reduced coord)
 -17.50885  -16.71992   -9.02157   -7.82625   -7.34146   -6.88336   -6.06895   -5.18723
  -4.92803   -2.41168   -1.92744   -1.87525   -0.57486    2.29230    2.50190    3.18804
 kpt#  41, nband= 16, wtk=  1.00000, kpt=  0.1167  0.1167  0.0000 (reduced coord)
 -17.65748  -16.79931   -9.12588   -7.66398   -7.17491   -6.61347   -6.15526   -5.16232
  -4.81012   -2.31435   -1.90573   -1.87937   -0.73547    2.07235    2.28189    2.95222
 kpt#  42, nband= 16, wtk=  1.00000, kpt=  0.1000  0.1000  0.0000 (reduced coord)
 -17.79234  -16.87133   -9.24817   -7.47249   -7.00308   -6.35201   -6.26391   -5.16313
  -4.69476   -2.19463   -1.90171   -1.79916   -0.90043    1.87315    2.08656    2.74208
 kpt#  43, nband= 16, wtk=  1.00000, kpt=  0.0833  0.0833  0.0000 (reduced coord)
 -17.91058  -16.93490   -9.37067   -7.27324   -6.82206   -6.37622   -6.11623   -5.19071
  -4.59963   -2.05097   -1.86136   -1.70211   -1.06132    1.69471    1.91785    2.55576
 kpt#  44, nband= 16, wtk=  1.00000, kpt=  0.0667  0.0667  0.0000 (reduced coord)
 -18.01034  -16.98869   -9.48230   -7.08386   -6.63391   -6.47859   -5.91955   -5.24523
  -4.53132   -1.88683   -1.78927   -1.60571   -1.20915    1.53616    1.77725    2.39084
 kpt#  45, nband= 16, wtk=  1.00000, kpt=  0.0500  0.0500  0.0000 (reduced coord)
 -18.08969  -17.03147   -9.57531   -6.91823   -6.56327   -6.44371   -5.76688   -5.32499
  -4.48692   -1.71900   -1.69274   -1.52103   -1.33445    1.39749    1.66598    2.24624
 kpt#  46, nband= 16, wtk=  1.00000, kpt=  0.0333  0.0333  0.0000 (reduced coord)
 -18.14729  -17.06248   -9.64479   -6.78861   -6.62616   -6.26183   -5.65940   -5.42387
  -4.46044   -1.60854   -1.55302   -1.46014   -1.42599    1.28222    1.58516    2.12636
 kpt#  47, nband= 16, wtk=  1.00000, kpt=  0.0167  0.0167  0.0000 (reduced coord)
 -18.18224  -17.08133   -9.68767   -6.70625   -6.66480   -6.11004   -5.59611   -5.52462
  -4.44742   -1.53852   -1.49252   -1.44092   -1.41272    1.20141    1.53594    2.04427
 kpt#  48, nband= 16, wtk=  1.00000, kpt=  0.0000  0.0000  0.0000 (reduced coord)
 -18.19401  -17.08745   -9.70203   -6.67749   -6.67749   -6.04193   -5.57497   -5.57497
  -4.44337   -1.51170   -1.51170   -1.39947   -1.39947    1.17157    1.51939    2.01485